 0.0000000000000000e+00  0.0000000000000000e+00
 0.0000000000000000e+00  0.0000000000000000e+00
 0.0000000000000000e+00  0.0000000000000000e+00
 0.0000000000000000e+00  0.0000000000000000e+00
 0.0000000000000000e+00  0.0000000000000000e+00
 0.0000000000000000e+00  0.0000000000000000e+00
-2.9007153595987596e-04  1.5389716645205456e-20
 2.7855280084067735e-04  4.3484802825795326e-20
 0.0000000000000000e+00  0.0000000000000000e+00
-3.8057828981508869e-02 -4.4389843785688714e-20
 3.8770895599546246e-02 -6.0906970698984810e-20
 0.0000000000000000e+00  0.0000000000000000e+00
 0.0000000000000000e+00  0.0000000000000000e+00
-1.2089642921056111e-03 -2.9840332070290772e-20
 1.8273816405445650e-03 -7.6431786782474552e-20
 0.0000000000000000e+00  0.0000000000000000e+00
 0.0000000000000000e+00  0.0000000000000000e+00
-2.2377778881256557e-03 -2.5196265565633202e-19
 5.3202980912712946e-03  8.5893517552575446e-20
 1.0799177636661804e-01  1.5458351248999751e-19
-7.6507281757284371e-02  1.4293680608629676e-19
 5.0949452226779240e-02 -4.9551426011466377e-20
 0.0000000000000000e+00  0.0000000000000000e+00
 0.0000000000000000e+00  0.0000000000000000e+00
-1.8083638167742996e-03 -1.2738483364214476e-19
 1.1979809531356639e-03 -1.1936098929710864e-19
 0.0000000000000000e+00  0.0000000000000000e+00
 0.0000000000000000e+00  0.0000000000000000e+00
-5.1683087381013864e-03  1.3743123419563981e-19
 2.0686496013474806e-03 -9.1621880216567172e-20
-1.0399417505275466e-01  1.2917256263190082e-19
-4.4280519062716329e-02 -2.7189769126887705e-19
 6.6197248422518937e-02 -1.5246595087732082e-19
-5.2181360331522968e-03 -1.9745629247323934e-19
 5.1420573861983938e-03 -3.2910056228653095e-20
-8.3953601700309487e-03 -0.0000000000000000e+00
 1.1581377041538088e-02  5.9679121742618247e-20
-1.1438891101060125e-02  5.3711645318843657e-19
 7.8116356553951105e-03 -0.0000000000000000e+00
-1.7846787242534117e-02  4.5810709217073980e-19
 1.6903125003446567e-02 -1.1910555017883813e-18
-1.3413420872016506e-02 -1.0958488319651310e-19
-3.8078696838581658e-02 -4.9360841985555510e-19
 2.2018969739073444e-02  3.4749525953436332e-19
 0.0000000000000000e+00  0.0000000000000000e+00
 0.0000000000000000e+00  0.0000000000000000e+00
-3.1306036492498952e-03  3.5808505228694760e-19
 1.0458375226182781e-02 -5.0953581097493564e-20
 0.0000000000000000e+00  0.0000000000000000e+00
 0.0000000000000000e+00  0.0000000000000000e+00
-3.9923960451978182e-03  4.6956908225484062e-19
 1.7336387960718330e-02 -5.1533409281551841e-19
 1.6442658258832793e-01 -2.3293408450260201e-19
-1.3365030927142477e-01 -1.0164396361647530e-19
-4.5824745400296551e-03 -8.8938464851199562e-21
-1.1609641681139494e-02 -5.2654520881884592e-19
 2.1027296875542272e-02  7.8983598537107128e-19
-2.3986948195699472e-02  2.3871979091677559e-19
 2.9159835410215645e-02  2.8534922975159410e-18
-1.4658451223011962e-02 -4.0762067428530156e-19
 3.2908271689143689e-02 -1.1935416425628043e-18
-3.0018299749867271e-02 -3.2067799596943380e-19
 4.4675837962353498e-02 -1.3742529323281835e-19
-2.5231764950235561e-02 -2.2234611911141687e-18
-5.6170997486298398e-02  1.7914744778909603e-19
-4.1848350409799256e-02 -9.2750095746283431e-20
 0.0000000000000000e+00  0.0000000000000000e+00
 0.0000000000000000e+00  0.0000000000000000e+00
-9.6650685049244033e-03 -1.0190486735525419e-19
 2.6100446097011157e-03  3.5808344803332980e-19
 0.0000000000000000e+00  0.0000000000000000e+00
 0.0000000000000000e+00  0.0000000000000000e+00
-1.4873809011660888e-02 -2.0041314105366012e-20
 2.7655612763715690e-03  1.6606490031770720e-19
-1.3728048270937382e-01  4.0445827902238800e-19
 1.8122620528281990e-02 -3.1382580952607786e-19
 8.5862165690712131e-02  1.7279470639162305e-19
-1.9741247662999735e-02 -1.6454290492241715e-18
 9.5612997477902660e-03 -7.8985112456270394e-19
-2.9422940224365302e-02 -4.0761272703783950e-19
 2.0154759962678973e-02  1.3129578859579561e-18
-2.8833283533555194e-02  7.1613652511537822e-19
 1.0184787857098540e-02  1.0191145401710912e-18
-4.2001313184365195e-02  4.5809471833647688e-20
 2.1141479591899152e-02  1.1910726818020460e-18
-3.8054351215855424e-02 -1.5611872577714136e-18
 1.6258505646441424e-02 -5.9969918844259709e-19
 1.9019244130475940e-02 -1.0507441586514800e-18
-3.8850941167773663e-02  9.2143012996618956e-19
 3.4158001608707488e-02 -9.2150068456063746e-19
-4.8122667311321574e-02 -2.4456414008690755e-18
 5.1280009863693618e-02 -5.3711290907025634e-19
-5.4626161775148459e-02  1.1935707717654999e-18
 3.5333560318324568e-02 -2.0382564303152056e-18
-6.6996113248997097e-02 -4.5809943239509216e-20
 5.2575829112739621e-02  7.7876712505996837e-19
-6.2000453841029146e-02  6.6206211753214810e-18
 1.6216119260836163e-02  9.9865179421717714e-19
-4.5398437347976557e-02  3.0188252230857866e-18
 0.0000000000000000e+00  0.0000000000000000e+00
 0.0000000000000000e+00  0.0000000000000000e+00
-4.8581306327270838e-03 -2.3872385711769066e-19
 2.5776747071845078e-02  8.1522705799100664e-19
 0.0000000000000000e+00  0.0000000000000000e+00
 0.0000000000000000e+00  0.0000000000000000e+00
-5.7773576984657075e-03 -2.5196492896539804e-19
 3.5972103256253156e-02 -6.8705928522335427e-19
 6.4801195174199924e-02  9.6350010073500338e-19
-1.9098315293330340e-01  9.2496003123644665e-19
-1.0448389449734234e-01  9.5037110843565587e-19
-1.7743737931829109e-02 -6.5817500792514699e-19
 4.7740992958784867e-02 -5.2654958039163652e-19
-3.6113476384173566e-02 -5.9680157862026348e-19
 6.3260990444247794e-02 -2.8534834231087444e-18
-2.1011143847672352e-02  8.1523033248189058e-19
 6.5042368420283811e-02  2.8643679148322665e-18
-4.2424379131538542e-02  6.1845456315677481e-19
 8.5200309880822250e-02 -2.7484089608531560e-18
-1.9501886804551327e-01  1.3256066167739445e-18
-7.1510680537575630e-02 -1.5449883052931338e-18
-1.3938765003020417e-01 -5.9715816255971488e-19
-5.7395899884552001e-02  5.2652477562533329e-19
 7.1789997091533581e-02  3.6860318697174468e-18
-7.9426293189976127e-02 -1.4322897631888833e-18
 7.2710812253215323e-02  2.4459255829173262e-18
-6.7054929093434537e-02 -4.0760026630959461e-19
 9.5295229666180176e-02 -1.0742152878420895e-18
-9.1969887674904896e-02 -5.4972293794264844e-19
 9.5781517329698723e-02 -2.7485341859628828e-18
-2.2664048443666224e-01  2.0011153080693427e-18
 3.1201530501694330e-02 -2.6427428111853930e-19
-1.2636515666114240e-01  3.5727845882004345e-18
 0.0000000000000000e+00  0.0000000000000000e+00
 0.0000000000000000e+00  0.0000000000000000e+00
-2.0097191480022980e-02  5.0950894507611241e-20
 2.6547099053186459e-03 -0.0000000000000000e+00
 0.0000000000000000e+00  0.0000000000000000e+00
 0.0000000000000000e+00  0.0000000000000000e+00
-2.4754655156323590e-02 -0.0000000000000000e+00
 2.2184226098548561e-03 -2.2905480188459772e-20
-2.7657328309086567e-02 -5.8339409672657765e-19
 8.8298623009254368e-02 -3.8116496030772705e-20
 6.9003850135506001e-02  2.4775716722215021e-19
-3.7890180590000128e-02  2.6326375666444297e-19
 9.5769233388175185e-03 -1.2423697954655767e-18
-5.4312944676640551e-02 -1.8342204233491201e-18
 1.9889450061697529e-02 -4.7743907323766635e-19
-4.6033402532432079e-02 -1.1935295869684575e-18
 8.1271632366675586e-03 -4.0764159657660819e-19
-6.5138740199491715e-02  2.1071740459071474e-18
 1.6705085694564435e-02 -1.1917744073559401e-19
 5.1405204907500293e-02 -1.2589026912812952e-18
 6.8897036597369926e-02  2.5410983520381453e-21
 1.5345384508891705e-02  8.4650358487883398e-19
-6.9784545041758392e-02  7.8978607631492101e-19
 3.3027671993151340e-02 -4.2783766396575386e-19
-8.5018239004057916e-02  3.2608048558439105e-18
 4.8743329897568570e-02 -3.5807270949969310e-18
-8.3135054145083209e-02 -3.8193402724233506e-18
 2.7617382587462790e-02  1.4267394894938502e-18
-1.0053297838529078e-01  3.7563085263585833e-18
 4.0582884258674755e-02 -3.7791986805015252e-19
 3.4728058011042964e-02  1.1562000419170125e-18
 7.3414843382635250e-02 -3.0620241408264681e-19
-3.2075848300446602e-02  1.9960332591776120e-18
-1.0000140504466902e-01 -2.3693366358836707e-18
 6.7008050524031762e-02  2.2379118296338651e-18
-1.1519242283859665e-01 -2.0379821570023031e-18
 8.7493055486232707e-02 -0.0000000000000000e+00
-1.1777454539613294e-01 -9.5483904669206236e-19
 5.5435178371522773e-02 -4.0763384849990450e-19
-1.3470392584592605e-01  7.0545836320506245e-18
 7.2052286480615096e-02  1.3970996269583018e-18
-7.9593135106972246e-02 -4.6724457737910044e-18
 1.0442008432177788e-01 -5.7619416923850786e-18
-8.5552447904258172e-02 -3.2437127101784108e-18
 0.0000000000000000e+00  0.0000000000000000e+00
 0.0000000000000000e+00  0.0000000000000000e+00
-6.7842336208832465e-03  4.7744839542447968e-19
 4.7882756642477563e-02  4.0759126735504410e-19
 0.0000000000000000e+00  0.0000000000000000e+00
 0.0000000000000000e+00  0.0000000000000000e+00
-7.9179006130599590e-03 -1.3743599283355561e-18
 6.1901467220917758e-02  4.3051245410216883e-18
-2.8564251684614395e-01 -1.4611321116138736e-19
-2.5451038678852783e-01  6.4035696696696919e-19
-2.6096695979473183e-01 -7.9282302292816986e-19
-2.4476604352209431e-02 -3.2908347778853005e-20
 8.5581880869348981e-02 -7.8980692839818201e-19
-4.9136191376358308e-02  1.3129651907203273e-18
 1.1024983529261670e-01 -3.2611054441335054e-18
-2.8394214679368528e-02 -0.0000000000000000e+00
 1.0875016598607458e-01  1.9094695005059684e-18
-5.6229350000774149e-02  2.0500727504740775e-18
 1.3879949645945050e-01  1.8322051088210652e-19
-6.0269997705800427e-01  5.6454735629295448e-18
-7.0271151726168893e-02 -2.8511125280071293e-18
-2.8587640387094282e-01 -3.0340713961646029e-18
-7.6831992210084202e-02  3.9488837267469223e-19
 1.2217631889219151e-01  3.1594855556334760e-18
-1.0469748791946855e-01 -0.0000000000000000e+00
 1.2138545456718819e-01  6.5224660234599162e-18
-8.7176828511225948e-02 -0.0000000000000000e+00
 1.5168388490666468e-01  4.7742692220900011e-18
-1.1714527923551170e-01  2.7486375425772685e-19
 1.4935161874912856e-01 -1.4291986157398241e-17
-5.7799631445106348e-01  6.7339117467093284e-19
 7.6957243638711759e-02 -4.3961005639035959e-19
-2.3542033628557019e-01  1.0553183238233834e-17
-1.2986731801556817e-01  2.6325797576042004e-19
 1.1011391842304601e-01 -1.5796833325254545e-18
-1.5107715345096207e-01  4.2968056160682710e-18
 9.0024564655959524e-02 -4.0762347107272954e-19
-1.4405988935750488e-01 -4.0759624555252389e-18
 1.3410698422870374e-01 -7.1610087899539427e-18
-1.6579466995088613e-01 -1.0078153141214723e-18
 1.0892710270858351e-01  3.6185362412888487e-18
-3.1129066572510838e-01 -1.3695462401317719e-18
 1.7163465803682268e-01 -6.1748695843340327e-19
-1.5046089025812218e-01  3.0251777023006644e-18
 0.0000000000000000e+00  0.0000000000000000e+00
 0.0000000000000000e+00  0.0000000000000000e+00
-2.8469495543560239e-02 -1.0189976915954918e-19
 1.6146755332023203e-03  9.5488873106445874e-19
 0.0000000000000000e+00  0.0000000000000000e+00
 0.0000000000000000e+00  0.0000000000000000e+00
-3.0777472683957155e-02 -1.4657811888918312e-18
 8.3613378221981049e-04 -3.2067739074518081e-19
 2.0032380961201429e-01  4.1822260235817689e-19
 1.3127078255491467e-01  8.5507998960354215e-19
 2.6043534928373538e-02  3.8180013416225695e-19
-5.2296272190931567e-02  7.8978512156625138e-19
 5.8096977091125785e-03 -0.0000000000000000e+00
-7.3667894070260573e-02 -2.2418154222510587e-18
 1.2009649347078790e-02 -4.7743471487465109e-19
-5.6443172405250895e-02  4.7740349103132759e-19
 3.0586617572108520e-03 -4.5859037498221104e-19
-7.8984716958771281e-02  1.1909848044450282e-18
 6.2696823289116448e-03 -1.1452470171297743e-18
 2.3006162390009868e-01  6.8265550827028850e-19
 1.0063732677414393e-01 -2.3463866628421190e-18
 5.6545482707763091e-03  2.1821685100515652e-19
-9.3357940697448127e-02  1.0530485946824147e-18
 1.9797394738351404e-02  1.0531125867795362e-18
-1.1257208416214606e-01 -4.4836251892114820e-18
 2.9000045548154038e-02 -4.7741957477494497e-19
-9.9963084087905621e-02  1.4322304233263114e-18
 1.0327423554985260e-02 -1.4012216301853248e-18
-1.2004337237010648e-01 -1.5574575815639387e-18
 1.5107881564215555e-02  6.4131267319263321e-19
 2.2318595465442750e-01  3.2203135782880897e-18
 1.0527397302737661e-01 -7.9536394695326478e-19
-1.2427926933076072e-02  1.8677077600197902e-19
-1.3117789851977163e-01  5.0019655348505127e-18
 3.9511111337969473e-02 -8.5563764353643199e-19
-1.4959126355075583e-01 -6.1140247757710086e-18
 5.1121033549014303e-02  1.9095998165269647e-18
-1.3973791588850304e-01  1.4322367946406225e-18
 2.0539016118510174e-02  1.1846340743524745e-18
-1.5873654110690033e-01  3.9394830011896673e-18
 2.6554346564749774e-02 -3.2064000621001866e-19
 1.7928484117983520e-01 -1.6400673567561770e-18
 1.4255169845229831e-01 -3.6432998997678069e-18
-3.2549417957568931e-02  1.5214827833827168e-18
-1.6668720924243707e-01 -6.3182861994981817e-18
 6.3639453799576251e-02 -9.8724730992927463e-19
-1.8192451232485884e-01  1.0190177323107220e-18
 7.6573598715015387e-02 -2.8642634339166901e-18
-1.7654869276202453e-01  2.8645041316659441e-18
 3.2983152157826198e-02  2.7513030724222346e-18
-1.9164051231576976e-01  2.1072192758837413e-18
 3.9627064289478590e-02 -4.1222790525584547e-19
 9.1776720503245812e-02 -2.5887449851002433e-19
 2.1713904742301041e-01 -4.9356087207175765e-18
-5.6214305560618565e-02 -7.5327706722632510e-19
-3.0483095374605638e-15  0.0000000000000000e+00
 0.0000000000000000e+00  0.0000000000000000e+00
-9.2293627348595132e-03  9.5489831127195174e-19
 7.7995976562258845e-02 -2.4453670393250540e-18
 0.0000000000000000e+00  0.0000000000000000e+00
 0.0000000000000000e+00  0.0000000000000000e+00
-1.0751733020430983e-02 -2.5654846729053125e-18
 9.6885435341227163e-02 -1.4653770114426412e-18
-1.0351287898752550e+00  2.2954597516772853e-18
-3.2803886310386876e-01 -1.6263034000921434e-19
-5.1703027584150119e-01  9.0971362935532875e-19
-3.2564328986581854e-02 -1.3163162790140075e-19
 1.3574681849523068e-01  5.7917615859008233e-18
-6.3854370727256998e-02 -7.1616331157800224e-19
 1.7026623362499521e-01  9.7832706042781571e-18
-3.7600752113773984e-02  3.6684151583695630e-18
 1.6540902952466049e-01 -4.7733717540447340e-18
-7.1742083547233146e-02 -1.9699121561777165e-18
 2.0495141428050717e-01 -1.0076842466013908e-17
-1.3686187810100074e+00 -1.1384124125781979e-17
-2.9240810638621290e-02  1.5856460056887875e-18
-5.0850378813026453e-01  9.6256802706529181e-18
-9.7104157939689198e-02  2.6325640308980369e-18
 1.8397148735123045e-01  2.1063498388129163e-18
-1.2891304193668332e-01 -2.8646103066520156e-18
 1.7861621426008864e-01  2.1197703040681643e-17
-1.0724298016276455e-01 -1.4520513490064891e-18
 2.1744589212616505e-01 -8.1163125891368401e-18
-1.3860908072115063e-01  1.8324597634366790e-18
 2.0817695184519147e-01 -1.3925009534050700e-17
-1.1788197718670179e+00  4.3410441134246806e-19
 1.7957782048675880e-01 -1.6364679077021379e-18
-3.7644869635220196e-01  1.4551602112595150e-17
-1.5588396016197015e-01  6.8447601826835566e-18
 1.5874309600515246e-01  3.9491066059537778e-18
-1.7757191903593164e-01  2.3871710848296919e-18
 1.2775104227833350e-01  1.6304301784713142e-18
-1.6461419921915629e-01 -3.5156207413997216e-18
 1.8243486173204618e-01  5.2511723955741345e-18
-1.8378808555347376e-01 -2.9319461856108598e-18
 1.4522220730864466e-01 -1.5572660266673530e-18
-6.8137874775505380e-01  3.7375318958399469e-19
 2.8942380751217994e-01  5.8953473333924555e-19
-2.2039933891568103e-01  6.0224032498810958e-19
-1.9275079250327443e-01 -6.8449610816181400e-18
 8.9249538302294443e-02 -2.5009402394616055e-18
-2.0213011244860024e-01  6.6840762047033774e-18
 4.6076899467755367e-02  1.4265406939978734e-18
-1.9709172936071925e-01  1.1438939244237848e-17
 1.0069949937217684e-01 -1.9094220693871915e-18
-2.0470587281959524e-01 -1.4292937603188490e-17
 5.1796658435006145e-02 -6.8701171291411894e-20
-4.4302786899440269e-02  6.5645052434020773e-19
 3.3348632883314722e-01  1.1801495130449686e-17
-7.9205157787093403e-02  6.7517007493756513e-18
 0.0000000000000000e+00  0.0000000000000000e+00
 0.0000000000000000e+00  0.0000000000000000e+00
-3.1626756869217697e-02  1.2227949290024630e-18
 8.3150014504486077e-07 -9.5488983313268575e-19
 0.0000000000000000e+00  0.0000000000000000e+00
 0.0000000000000000e+00  0.0000000000000000e+00
-3.0779661246047890e-02 -8.2449847184557633e-19
-8.3527806837308959e-04  1.0994700006026485e-18
 4.7304301981820346e-01 -7.4433023290102458e-19
 1.3140281889468117e-01  8.4015098984239366e-19
-2.6141936275397227e-02 -1.8454727634167178e-19
-5.7714178796012580e-02 -3.9489451101036903e-19
 2.5934231313672906e-06  2.6327781169687236e-19
-8.0897244782436359e-02 -8.1521458120877326e-19
 4.9635115116978746e-06  9.5486948077889106e-19
-5.6446121027071097e-02  1.4322056034233037e-18
-3.0565954118331319e-03  4.0763060871026173e-19
-7.8992691394353720e-02  5.4967995104362106e-19
-6.2642567788274853e-03 -9.1620639492103422e-20
 4.4232315041780840e-01 -6.7789091502217230e-19
 1.0083440145987266e-01 -1.0520148201618892e-18
-6.6971799206158086e-03 -1.0612260374451429e-18
-1.0209665117023758e-01 -4.2122466120322603e-18
 1.3864991730349606e-05  1.8429080682316519e-18
-1.2270199032199758e-01  5.9103425484722695e-18
 3.2104118889422954e-05  4.7741809807817235e-19
-9.9986536349829985e-02  2.8644450443874227e-18
-1.0310271649244144e-02 -2.4457165752099044e-18
-1.2009680128488018e-01 -2.4735757475854543e-18
-1.5056495440207932e-02  1.8323460041661883e-19
 4.4497259579650877e-01  1.7123294002887452e-18
 1.0575530433929842e-01  3.8635802353916804e-18
 8.9123627045162128e-03 -1.5457815211956455e-18
-1.4253979036965414e-01  1.8428624785233179e-18
 7.3993385638502747e-05 -2.6326538516055743e-19
-1.6199754965078456e-01 -3.4647006759507760e-18
 1.4211866520916631e-04  4.7739667125977768e-19
-1.3984121068699573e-01 -6.6837239908891711e-18
-2.0418716682907182e-02 -2.0380249726220399e-18
-1.5891025525752284e-01  2.4735876614829204e-18
-2.6303808247380604e-02  1.4658062717787985e-18
 4.7751302835189524e-01  4.0144063157785938e-18
 1.4367825155708247e-01 -2.2024970797724473e-18
 2.4134278297901417e-02  4.5638130754995532e-18
-1.7978950606827032e-01 -5.7918958155297642e-18
 2.5843000288761504e-04  1.0530265178740295e-18
-1.9512659359748200e-01 -8.3562077104054988e-18
 4.1685267365174127e-04 -1.9094902243113134e-18
-1.7681496755273865e-01  8.5934413494760561e-18
-3.2530565976450453e-02 -2.0379398443242706e-18
-1.9201086670953504e-01  5.8634654704300377e-18
-3.8867717281242643e-02  4.5803842051618688e-19
 5.4109464521459139e-01 -3.3140162744452757e-18
 2.1955305003947512e-01 -9.1206396520354002e-18
 3.9943927845973642e-02 -3.9393377045936169e-18
-2.0520626551237892e-01 -5.5287691063413134e-18
 6.3951317265800148e-04 -2.1059810935056524e-18
-2.0743730716689476e-01  9.3754955259998638e-18
 8.9447826538223353e-04 -5.7282120747614831e-18
-2.0260475976506534e-01  2.8645827827066921e-18
-4.4919227749845643e-02  8.1514256577503783e-19
-2.0525203174645640e-01 -6.6882791732427583e-18
-5.0135027938973481e-02  1.1908341176092261e-18
 6.3614972508749656e-01  4.3696300663261933e-18
 3.3801012635078581e-01  2.9114635120469460e-18
 5.3958381411315579e-02 -3.4368350294884932e-19
 0.0000000000000000e+00  0.0000000000000000e+00
 0.0000000000000000e+00  0.0000000000000000e+00
-1.2664415192984044e-02  1.9097991401418888e-18
 1.1843912116083621e-01 -4.8902790926436625e-18
 0.0000000000000000e+00  0.0000000000000000e+00
 0.0000000000000000e+00  0.0000000000000000e+00
-1.4956324909779743e-02 -2.9319998166079143e-18
 1.4419347048663611e-01  3.2965415102631030e-18
-2.4692437374778669e+00  1.2205746179502845e-17
-4.1488504499935358e-01  4.7874296590649267e-18
-9.8276164666581234e-01 -1.2705498525462831e-18
-4.2747475802900295e-02  5.2651813917213457e-19
 1.9968909304320409e-01  2.1060407361635353e-18
-8.0108045868553510e-02 -7.1616447422885994e-19
 2.4132007050168169e-01 -6.5221816892547273e-18
-4.9938628344957742e-02 -2.4455685029314120e-18
 2.3597214365043098e-01 -4.7731313251305712e-18
-8.7962270300841527e-02  1.6492374323403620e-18
 2.7897789826875508e-01 -1.7955124198606711e-17
-2.6823477608682711e+00  1.9634220377149881e-17
 1.1599491940934981e-01 -7.9993767976828863e-18
-8.5027070515185865e-01  7.7249396962073205e-18
-1.1507517832670124e-01 -2.1718816772522596e-18
 2.5125015267689582e-01  4.2126610445022149e-18
-1.4491477741495634e-01  2.8646746866342446e-18
 2.3563924837043632e-01 -0.0000000000000000e+00
-1.2160181501377887e-01 -4.0760563069501325e-18
 2.8209518702003472e-01  2.0289842108975910e-17
-1.4431619468142856e-01  3.8023058427039492e-18
 2.5792904235443720e-01  1.6489266627592161e-18
-2.0826321167771273e+00 -2.5516860184906076e-18
 3.9183217332965914e-01 -1.8410257816561583e-18
-5.2612918413592880e-01 -7.7770297912888011e-18
-1.6630767667731503e-01 -1.0530744011679428e-18
 2.0286940149874999e-01  2.8958702752292594e-18
-1.8138982710460777e-01  3.3420431811542916e-18
 1.5941192530849096e-01 -8.1516905555014572e-19
-1.5852628859320503e-01  2.4456300234702643e-18
 2.1737560945682502e-01 -1.3843347446790210e-17
-1.6521904661435718e-01 -6.0120701811363149e-20
 1.6756584367193825e-01 -4.7632444827881644e-18
-1.1785788148324143e+00  1.4399558815902214e-19
 4.7316645645976158e-01  6.4035676308494822e-19
-2.6239012212335683e-01 -9.6561755986990166e-20
-1.9035652560776112e-01 -4.4755403171602615e-18
 1.0930553865536835e-01 -5.4294577729227584e-19
-1.9542656002518333e-01 -4.2967510780894968e-18
 5.6062935060258286e-02  2.0378345985521481e-19
-1.6794097381836948e-01  3.2607190380211919e-18
 1.1371302289147851e-01  4.2960919441742850e-18
-1.6869249525266242e-01 -4.4429344608047724e-18
 5.7867875772474327e-02  8.8880263307527549e-19
-2.1669606795985674e-01  1.0397328497952923e-18
 4.8445334804340251e-01  7.1404861280504203e-18
-8.6511067452089058e-02 -2.0582900618279479e-18
-1.9706275459313619e-01  4.7388124007004409e-18
 1.1835756125195965e-03  1.8426877894343640e-18
-1.9597926711455479e-01  7.1612271389668364e-18
-5.3866900674685129e-02 -2.0378055109699476e-18
-1.6888294162522063e-01  5.0947822153057416e-18
 1.4313762354072508e-03 -1.6706950439441982e-18
-1.6913733633862235e-01 -2.6565979092361988e-18
-5.5158012390586257e-02  8.2439581467231536e-19
 7.5432030265345229e-01 -2.4066317876005484e-18
 4.9144358462527504e-01 -2.0601953947704106e-18
 5.8252954001993706e-02 -3.8307055906461854e-19
-1.0565644200882347e-16  0.0000000000000000e+00
 1.1463321087891122e-16  0.0000000000000000e+00
-2.8471519682504238e-02 -0.0000000000000000e+00
-1.6159727618971413e-03  4.7744614512894413e-19
 0.0000000000000000e+00  0.0000000000000000e+00
 0.0000000000000000e+00  0.0000000000000000e+00
-2.4751808210494230e-02  9.1612744738414198e-19
-2.2219630002280420e-03  9.1622974808287664e-20
 7.0140189901552763e-01 -3.8963514751178853e-19
 8.8456732364470492e-02 -8.5571515227423066e-19
-6.9143055074695925e-02 -2.5220401432102042e-19
-5.2297293972693684e-02 -1.0530681476756946e-18
-5.8140464245280557e-03 -1.3163777257223113e-18
-7.3679154866563887e-02 -3.8723536059957199e-18
-1.2017636264986869e-02 -4.7743874536561264e-19
-4.6028559780692806e-02  1.1935188353903218e-18
-8.1391178116285174e-03 -1.2228831452139885e-18
-6.5143434333740646e-02  2.7026097544583295e-18
-1.6727187651601229e-02  7.3297794009738400e-19
 6.2162223473593481e-01  1.9104561363593640e-18
 6.9196569832819493e-02 -2.8257018615128566e-18
-1.6079986318852452e-02  3.0969635996254296e-19
-9.3394925930147032e-02 -5.2654145704468802e-19
-1.9801598796719586e-02  2.6326942301553533e-19
-1.1266654597486854e-01  8.1524202217320585e-19
-2.8988059743313633e-02  1.9097008539524050e-18
-8.3174393828964341e-02  1.4322313510408139e-18
-2.7648421638716059e-02  2.4456999868616877e-18
-1.0064241020911159e-01  1.3742080242896817e-19
-4.0616305910334050e-02 -2.4737475693374359e-18
 6.3507868210530272e-01 -4.2483980856247750e-19
 7.4306379775147244e-02  1.6263023927740140e-19
 2.9363297019808825e-02 -7.9028155608090197e-19
-1.3136034672470581e-01  9.2145371293784337e-19
-3.9450810057001018e-02  5.2652347739727581e-19
-1.4990987942307796e-01  1.4266861396374683e-18
-5.0974171340489385e-02 -2.3870338149338853e-18
-1.1800384093719972e-01  9.5482007676482658e-19
-5.5457511038877166e-02  1.6304128502360042e-18
-1.3510678498174794e-01 -7.1458682412621686e-18
-7.2037588429060481e-02 -3.8479229430281285e-18
 7.4036437448246339e-01  4.6850182217290664e-18
 1.0677833707646311e-01  2.1346818457584443e-18
 7.8874917314139412e-02  3.7482787613015575e-18
-1.6717329187354399e-01  5.0022190420189028e-18
-6.3334200067753532e-02  1.5795174839724411e-18
-1.8261687789280420e-01 -1.0190790732700799e-17
-7.6042015647854316e-02 -0.0000000000000000e+00
-1.5171457212872450e-01 -2.8644688216738310e-18
-8.9936731397515068e-02  2.4455256992472015e-18
-1.6670612004249036e-01  9.1614878086629269e-20
-1.0870834292008538e-01  5.4967778767608180e-19
 9.5279622435711819e-01  5.7301773758575579e-18
 1.7713237966296239e-01  2.8904999325052975e-19
 1.3742501997470163e-01  4.1172144658269352e-18
-1.9363954180264686e-01 -2.6328020102876930e-19
-8.8382416459676524e-02  3.6854223430767591e-18
-1.9813578332469209e-01  1.6305748758457877e-18
-9.9428006305644259e-02  9.5472128084771298e-19
-1.7877508949790497e-01  7.1613469605674125e-18
-1.2733760626528098e-01  4.8908636620307904e-18
-1.8522296567726448e-01  4.5809709400061184e-19
-1.4452434276862794e-01 -2.3817954307647454e-18
 1.2895847031863650e+00 -1.0431209812813868e-17
 3.0049401554795668e-01 -5.9842877723516234e-18
 1.9989375508879148e-01  7.8087949720636826e-18
-1.9143225414071943e-01 -3.1592906188897611e-18
-1.0753910550868022e-01 -1.5794383879973651e-18
-1.6883560186931990e-01  1.6303703867517848e-18
-1.1147735400620504e-01 -9.5468654557308427e-19
-1.8291840210449190e-01 -2.3871412257194230e-18
-1.5836070463150057e-01  1.6302491195776894e-18
-1.6656240389209070e-01 -3.4812336303668568e-18
-1.6608818673231932e-01 -3.1144524029221152e-18
 1.7420450327673265e+00  2.5622740545505172e-18
 4.9160368447064323e-01  3.7354144067992634e-18
 2.3875007591946643e-01  2.3987967347064661e-18
 0.0000000000000000e+00  0.0000000000000000e+00
 0.0000000000000000e+00  0.0000000000000000e+00
-1.8422938504772564e-02  3.8196000079013881e-18
 1.7362227459557295e-01 -0.0000000000000000e+00
 0.0000000000000000e+00  0.0000000000000000e+00
 0.0000000000000000e+00  0.0000000000000000e+00
-2.2241168996064837e-02 -3.6650414199900777e-18
 2.1060862308053530e-01  1.0986271425767398e-17
-5.2688269216971690e+00 -2.3886332167672165e-18
-4.6978677744927960e-01  1.0672613836623736e-18
-2.0070915224795938e+00  4.3706916490673795e-19
-5.6044846722267706e-02 -1.0530209103658278e-18
 2.7750349353613030e-01  4.2120578654574706e-18
-9.5492873401205269e-02  2.2678662833910554e-18
 3.1395451178250106e-01  3.2611329223345107e-18
-6.7642677708491916e-02 -1.6303795126720911e-18
 3.1767005008744881e-01  1.0501133267894400e-17
-9.8157679961623390e-02  3.6649340537920484e-18
 3.4244429474556576e-01  1.7589994194500472e-17
-4.8212306322241290e+00  5.3532471829949203e-18
 5.6746020587418389e-01 -1.3945546626912596e-17
-1.3329423415802324e+00 -1.0631956476622185e-17
-1.1995127548453231e-01  3.1591998795044674e-18
 3.0578490069235248e-01 -2.1061531053443253e-18
-1.3294691327616387e-01 -1.0025656569055436e-17
 2.7064012873856902e-01 -1.1412328385142279e-17
-1.1043308694733400e-01 -9.7824854587945920e-18
 3.1632168715935077e-01 -4.7736516036930582e-18
-1.0130848253503164e-01 -6.0456805116724432e-18
 2.6624584419856773e-01 -4.7633409443080594e-18
-3.2313281414962458e+00  1.4806131100948575e-17
 8.1432422751802414e-01  5.2549910735727032e-18
-5.5471414208743597e-01  8.1315126424159938e-19
-1.3346846366047563e-01  2.1060490388719340e-18
 2.2077886633042751e-01  1.5794431284230132e-18
-1.2911312176060571e-01 -2.5061128894016794e-18
 1.6721913059843121e-01  1.6302274375536554e-18
-8.3910156680873663e-02  1.6302485621107167e-18
 2.1059463977231332e-01  6.2055072665020778e-18
-6.4201792205490479e-02 -2.1980570341283161e-18
 1.5449149152857913e-01 -4.4885326743438121e-18
-1.6879348395476859e+00  1.0757317468350485e-18
 7.1450568486626631e-01  1.3162889018968390e-18
-1.9742106113347110e-01  3.5117985993163261e-18
-1.2291276487267262e-01  2.6324142771971810e-18
 1.1131914947701527e-01 -1.4478075346081190e-18
-1.1805425894101475e-01 -5.3699129802352850e-18
 5.6465403716647142e-02 -9.1700932501752292e-19
-4.7170673358283156e-02 -0.0000000000000000e+00
 1.0154235380863130e-01  1.9094203508318848e-18
-3.6257847231990735e-02  2.4726650247808529e-18
 5.0812381272765557e-02 -7.3282550484909008e-19
-3.7191401118698059e-01 -4.6586807933801305e-19
 6.2972988482358461e-01 -1.1790695955214940e-18
-5.2534745237110166e-02 -2.9984966332802203e-19
-1.1647948549652165e-01 -1.2421298929792364e-18
 1.6009131576576240e-03  1.4149226562895217e-18
-1.1825161196622989e-01 -3.1026265288858666e-18
-5.3417788568371413e-02 -1.2226985587027794e-18
-3.2129687052033111e-02  8.1499470161006284e-19
 1.5946925544072772e-03 -9.5471191787430843e-19
-3.6074261499783523e-02  2.9245377326787571e-18
-4.7721660393511563e-02 -3.7098516173982603e-18
 8.6408262852611384e-01 -1.9428816490573955e-18
 6.3832053535061650e-01 -3.8545282793923099e-19
 3.7366904969262101e-02 -1.0410565310176249e-18
-1.2336784414019825e-01 -7.8970631512464637e-19
-1.0868439231141619e-01  1.0529752433974925e-18
-1.2989965400421272e-01 -1.9094301265917882e-18
-1.6533748692072769e-01  1.1411919211987001e-17
-4.6891892288110089e-02 -1.6299761992589145e-18
-9.8775736272064610e-02  2.8640758025386528e-18
-6.4004854961949645e-02 -1.6486182362706817e-18
-1.5230856648477636e-01 -2.0151522076430263e-18
 2.2131287880457036e+00 -8.0806907847301930e-18
 7.3883387349654706e-01  4.8839884805675146e-18
 1.8438712730421722e-01 -9.6561732964878985e-20
 1.1729414212343473e-17  0.0000000000000000e+00
 8.5837863157550061e-17  0.0000000000000000e+00
-2.0086778766671629e-02 -1.2228490022529399e-18
-2.6595495986717430e-03 -0.0000000000000000e+00
 0.0000000000000000e+00  0.0000000000000000e+00
 0.0000000000000000e+00  0.0000000000000000e+00
-1.4855060041676081e-02  5.4969680931949364e-19
-2.7695322476471384e-03  4.5811668476659834e-19
 8.1107705192659318e-01 -3.6951811085062825e-19
 1.7974659644283738e-02 -1.5373649550445099e-19
-8.5958305615136954e-02 -4.9043198998216685e-19
-3.7872876215978291e-02 -7.8981759290796634e-19
-9.5928525112645574e-03 -5.2654981745400845e-19
-5.4304770513411108e-02  9.1716048940889008e-19
-1.9919642792504338e-02 -0.0000000000000000e+00
-2.8804409655935562e-02 -2.3870943382267582e-19
-1.0197791886713319e-02 -8.1525650391578098e-19
-4.1975926209713493e-02 -3.1149394165226722e-18
-2.1167707911220614e-02 -1.0078643115690847e-18
 7.1144078163818059e-01 -1.9746451978363831e-19
 1.6196809611364361e-02  3.0321659941292832e-18
-1.9444370728153425e-02  1.6517137425906033e-19
-6.9808441500693416e-02  2.1062126930448373e-18
-3.3076494109117095e-02 -5.2653963397358290e-19
-8.5119265115186624e-02  6.2418796555980342e-19
-4.8812465814065981e-02  9.5488012183094862e-19
-5.4629206915654344e-02 -2.8645134750310055e-18
-3.5379030437291452e-02  1.6304833656320824e-18
-6.7064472453808532e-02 -3.3897664503394342e-18
-5.2652788227472817e-02 -7.3299342139788396e-19
 7.3328211928427778e-01 -4.9022015873420969e-19
 1.6497127117601408e-02  1.7215936922615131e-18
 4.3631431218434220e-02 -2.2488719052765176e-19
-1.0022584461236232e-01  2.6327912521113046e-19
-6.7100924109835910e-02  1.5795822758089046e-18
-1.1561561338957341e-01  6.2164722238136075e-18
-8.7606564195434791e-02 -3.3420097506800985e-18
-7.9613831815983957e-02  2.8645017823134783e-18
-7.2833345507711950e-02  8.1522462253552825e-19
-9.2339238388820605e-02  8.4743387436689506e-19
-9.5973005040495135e-02 -4.9476785300365884e-18
 8.9185455239176981e-01 -3.8582347297902691e-18
 3.2643864875545617e-02 -1.8537316050660340e-18
 1.2201344192896681e-01  5.4493852318875891e-18
-1.3054412921532030e-01 -2.2378919775458307e-18
-1.1024132376710724e-01  1.5795389176135222e-18
-1.4506761180755964e-01  8.0509453502449671e-18
-1.3422981412082632e-01  2.8644859624125605e-18
-1.0532520585612400e-01 -3.5806104919837329e-18
-1.2166615316307350e-01 -0.0000000000000000e+00
-1.1809479513510965e-01 -4.2600566080142377e-18
-1.4974753245213654e-01  7.1465297182927314e-18
 1.2305932103256492e+00 -3.5204803722702100e-18
 8.1414759710731546e-02  4.8388874694269989e-18
 2.2722215751812727e-01  1.0729787429072198e-18
-1.5723060884283463e-01 -3.1594175122137191e-18
-1.5882470146515576e-01 -0.0000000000000000e+00
-1.6628436194594978e-01 -7.7453779604595539e-18
-1.8242497127197657e-01 -7.6382629936449427e-18
-1.3023763650759398e-01  4.7741698735639961e-18
-1.7913517926405670e-01  3.2607261862506532e-18
-1.4029197116222542e-01  8.2454252824688474e-19
-2.0881228967804827e-01  7.3294975589231239e-18
 1.8104722986874806e+00  5.1033712765198548e-19
 1.9038064645834041e-01 -1.4916245222314219e-18
 3.6407441692444881e-01 -3.0175529081222623e-18
-1.6814768948373393e-01  3.9493120749268637e-18
-2.0267473850042111e-01 -5.2648571475837041e-19
-1.6025835129295504e-01 -1.6304977314750284e-18
-2.1691171732353864e-01  3.3415271438802483e-18
-1.4686793977008517e-01  3.8194456422652264e-18
-2.3633843333056939e-01 -1.6303175246821456e-18
-1.4628356520447339e-01 -1.8323477835663778e-19
-2.5858112846263909e-01  7.3288862083655174e-19
 2.6873369731446939e+00  6.5475618203316955e-18
 4.1313159102255531e-01 -2.9476739536647247e-19
 5.1249437041457491e-01 -1.0011922912001444e-18
-1.3466763914002028e-01  3.1590479942758554e-18
-2.1991609450339958e-01 -6.8443438732271328e-18
-8.3998875830812600e-02 -3.2601979468660006e-18
-2.0932808388211988e-01  5.2506707692085721e-18
-1.3452943354324526e-01  4.2966795486619076e-18
-2.7108018889359542e-01 -8.1514832883129799e-18
-1.0187789652173050e-01 -4.0305905633741284e-18
-2.6623840150285366e-01  1.4106206221367266e-17
 3.8153112947160168e+00 -7.1150722332950214e-18
 8.4796201857492393e-01  3.9539469696998245e-18
 5.4888404146010639e-01 -7.4606613374711312e-18
 3.1580627013795208e-16  0.0000000000000000e+00
-6.9194734929046085e-17  0.0000000000000000e+00
-2.8389859435857496e-02 -5.7293881231400366e-18
 2.5184264282771585e-01 -0.0000000000000000e+00
 0.0000000000000000e+00  0.0000000000000000e+00
 0.0000000000000000e+00  0.0000000000000000e+00
-3.6156380247606659e-02  2.1988917397916469e-18
 3.1402481314039216e-01 -0.0000000000000000e+00
-1.1421184124703110e+01  3.0493191894550398e-19
-1.0591379000213783e+00 -5.0821972417637298e-19
-5.0945170095921908e+00  8.7413840275729659e-19
-6.8918407762436268e-02 -3.1589997855175660e-18
 3.6015622801218761e-01  1.0530524204035710e-17
-9.3932208883397594e-02 -9.5481725023527215e-19
 3.5465825560121583e-01  3.2606508400600858e-18
-9.4941275011238127e-02 -6.5215831103520686e-18
 3.8080241790506186e-01 -3.8187124802674237e-18
-5.2571304697135321e-02  1.0989800060580325e-17
 3.2241013290255904e-01 -7.3282659413631432e-19
-7.8377480162855040e+00  3.0493180913606371e-19
 2.1672099678857486e+00  6.9117871845309957e-19
-1.2918420415192768e+00  8.0908578923434646e-18
-7.2124063775621708e-02 -3.1590739180419295e-18
 2.9859098025040204e-01 -4.7379407887749399e-18
-3.6801215068471685e-02  1.1931833466747008e-18
 2.4060589982866748e-01  3.2601410380616405e-18
 1.1690338255860352e-02  6.5204018832247478e-18
 2.5102549282943282e-01  6.6826568668571705e-18
 8.3277536072617411e-02 -4.3943077559816975e-18
 1.8373094101026488e-01  1.8321499264861793e-18
-4.1314793689185061e+00 -1.1993981886290203e-17
 1.4650464062012116e+00 -6.5052110703596598e-19
-1.0048735689503069e-01  5.2854831545625569e-19
 3.5747710192352020e-03  8.4230665775733532e-18
 1.7983682749764643e-01  7.3701901816863759e-18
 4.0031175649204415e-02 -9.5440220378170919e-19
 1.2941493022843417e-01  3.2603356749399035e-18
 1.4646197425551272e-01 -6.5192004037233966e-18
 1.3299091992606218e-01 -3.8190416517228351e-18
 1.9403748035058607e-01  3.2955162308704128e-18
 9.1721561938256591e-02 -2.0154748771863765e-18
-1.9028667842754792e+00  6.1223271255957812e-18
 8.9669337329809351e-01  3.0240654430012800e-18
 6.1609901718437061e-02  3.9134514082082859e-18
 6.6782901029443009e-02 -2.1055573969470849e-18
 8.2756169299690721e-02  5.2647683451227446e-19
 8.4293567316494747e-02 -1.9087183807475483e-18
 4.1280788370172489e-02  2.5727962315259055e-18
 2.2865282928542327e-01  1.1407464512984222e-17
 5.7951267615432372e-02 -1.9095884342742014e-18
 2.4858373783655649e-01 -0.0000000000000000e+00
 2.8391265447907328e-02  1.8322536068543794e-19
-4.0719018818693381e-01 -4.3193373910508048e-18
 6.7574659395684189e-01  5.5198996120696544e-18
 3.5657726886402577e-02 -4.8757329376464383e-18
 8.9696826084383285e-02 -4.7372156835428584e-18
 1.3911614885439819e-03 -3.4222774720786701e-18
 8.4906732686288358e-02 -1.9087411106501917e-18
-3.8555301630798990e-02  1.0189810150538241e-18
 2.5596614580822646e-01 -1.6295272294966639e-18
 9.8431502515620908e-04 -0.0000000000000000e+00
 2.4950647567716083e-01  6.9575521140624870e-18
-2.6426190334222017e-02 -2.5650643750122826e-18
 8.9393408625010451e-01  1.1104601773032417e-17
 6.8489785549145921e-01 -3.6871327857725186e-18
-2.5895596538756258e-02  3.6718884391598884e-18
 6.7904841231650484e-02  2.1053728794148958e-18
-8.0195278062006659e-02 -1.8428204033940639e-18
 4.1461284962132604e-02 -2.8633049161211166e-18
-1.2721997313915501e-01 -4.8912098219567341e-18
 2.3043016906504249e-01  9.7765854570089906e-18
-5.6032874244669857e-02  7.6380947567753184e-18
 1.9651635526562267e-01 -1.7394825656650378e-18
-8.9912416008532239e-02 -6.4121642150632506e-19
 2.4259667392212978e+00  1.6135973798078472e-18
 9.2389986729971763e-01  9.8492967624176568e-18
-5.0741360176163784e-02  5.6666490660968513e-18
 4.9977945058444070e-03  3.1581675350177682e-18
-1.7824008394689686e-01  1.0530413142785001e-18
-3.5758524724486013e-02  2.1478294209900676e-18
-2.4004521859341391e-01 -1.1412656999512517e-17
 1.4938234564047223e-01  3.2587536933215070e-18
-1.3146352837327735e-01 -9.5469211570329508e-18
 8.6244946247224230e-02  2.9300499136033644e-18
-1.8272999767167780e-01  7.0524616249663398e-18
 4.7247420299889988e+00  1.0911897173405321e-17
 1.5071167376055268e+00 -4.8153811570643591e-19
 1.1515279704478580e-01  2.6084362612105304e-18
 1.5109198229546623e-17  0.0000000000000000e+00
 3.0154135256673074e-17  0.0000000000000000e+00
-9.6414187714328869e-03  4.0762853257165010e-19
-2.6110636043746756e-03  3.5808564057982601e-19
 0.0000000000000000e+00  0.0000000000000000e+00
 0.0000000000000000e+00  0.0000000000000000e+00
-5.1464780225523961e-03 -1.8323969060333286e-19
-2.0658739747760136e-03 -1.8324573123732417e-19
 7.7729454762128092e-01  4.7327961402533863e-19
-4.4547820564223489e-02 -1.8422966932209330e-19
-6.6167208230422089e-02  1.6263029154160624e-19
-1.9704988369847506e-02 -7.8983248865295343e-19
-9.5652867950740822e-03  2.6327474250142058e-19
-2.9385169232157567e-02  1.8343620270185789e-18
-2.0163346715176986e-02 -5.9680787101871722e-19
-1.1404095132831268e-02  1.7903717595313006e-19
-7.8025142991617474e-03 -0.0000000000000000e+00
-1.7807182108634832e-02  6.8714119738575267e-19
-1.6888014495168104e-02 -9.1622214306914363e-20
 6.8636573241097187e-01  1.3097245531979403e-18
-3.8399153338969080e-02 -1.1434944583460298e-20
-2.2444748852142638e-02 -2.2996939960295482e-19
-3.8830289300666392e-02  9.2148480140907758e-19
-3.4181129359296597e-02  3.6857778886274233e-18
-4.8152331809776572e-02  4.3312033556908415e-19
-5.1329013007034144e-02  6.5648614224799896e-19
-2.3955149908987373e-02 -1.7903675047451044e-19
-2.9143499457727619e-02 -1.6304595641520724e-18
-3.0015035209604780e-02  7.6730167771715978e-19
-4.4673531475117323e-02  1.3743142711096481e-18
 6.9631556041465237e-01  2.5410976679384152e-19
-5.6678199690301585e-02 -6.4797978752540431e-20
 4.0369322166357718e-02 -9.0590140411356367e-19
-5.7515254945298869e-02 -1.5714791510791852e-18
-7.1895861376171225e-02  2.6326523845892578e-18
-6.7328148851527700e-02 -2.3439756821115229e-18
-9.5487135755320154e-02  2.3872177642741989e-19
-3.6170043496516764e-02  2.3871457643165890e-19
-6.3297050863515864e-02  4.0760118570129752e-18
-4.2581057091598040e-02 -4.1800306753398265e-19
-8.5321399508318393e-02 -2.7485779233587627e-18
 8.6139640171687293e-01 -1.2409031567821623e-18
-7.2040125090450616e-02 -8.6651478767843833e-19
 1.3628025448324588e-01  1.6110561343314419e-18
-7.7313997334020113e-02  4.6815717615430327e-18
-1.2251473091244838e-01  5.2652266623744804e-19
-8.7951960103237206e-02  4.3313111076285534e-19
-1.5221381818373880e-01 -4.0582826280771581e-18
-4.9445050722349927e-02  2.3871282161120068e-19
-1.1051184100971145e-01  6.5213801820644496e-18
-5.6742731189948208e-02  4.4662752635752953e-19
-1.3929237587188664e-01  2.7485246360767547e-18
 1.2607686601289734e+00 -1.9926444343565675e-18
-6.9994189066077725e-02 -2.2564955562892691e-18
 2.8114827400975839e-01  1.5856450030758265e-18
-9.8207117596387714e-02 -4.6075638109611457e-19
-1.8477137376106839e-01 -5.2651976830172817e-19
-1.0872131578058414e-01 -3.2612567713269286e-18
-2.1854449511449489e-01  6.2068482137619039e-18
-6.4628755264313664e-02 -2.6258207319302479e-18
-1.7107481682836886e-01 -4.8908687411465849e-18
-7.2806553389605608e-02  2.5881208827984298e-18
-2.0619203053545870e-01  5.1305140299889801e-18
 2.0159554856908084e+00 -2.5622738636462848e-19
-2.5943342132756200e-02  4.8941548523206634e-18
 5.0357641025190392e-01 -6.5407863524330979e-18
-1.1685336478688388e-01 -3.4227872403883574e-18
-2.5267843097190096e-01 -1.4742440185510618e-17
-1.2354746289360387e-01 -0.0000000000000000e+00
-2.8377443790579243e-01 -3.8193883480515385e-18
-8.1468247495140145e-02  3.5806508303113653e-18
-2.4305769887828424e-01 -0.0000000000000000e+00
-8.9535102740546366e-02 -2.2903785797185678e-18
-2.8126089196752985e-01  6.9628818665428567e-18
 3.3217907180285642e+00  7.2262481083914426e-18
 1.2672562566894341e-01 -2.7170692887551805e-18
 8.4915533713988200e-01  2.2634832536438414e-18
-1.2172439290753098e-01 -5.2657230114482329e-18
-3.0755108505593909e-01  4.2120272017530319e-18
-1.1151490767937641e-01 -3.2608345452702376e-18
-3.1785671183904696e-01 -1.4320926485301571e-18
-9.7110611475176675e-02  7.3404270022302351e-18
-3.1668384651290338e-01 -0.0000000000000000e+00
-9.9459612221477492e-02  9.1617786544438495e-18
-3.4539339767818200e-01  3.2983085943376790e-18
 5.4675699658770611e+00 -7.9451655724076695e-18
 5.9221742369576025e-01  6.2612630676994600e-18
 1.3437169550295178e+00 -3.3339208855242408e-18
-7.1817859164637884e-02  4.2116319865331711e-18
-2.9942964327688748e-01 -8.4241039544494327e-18
 1.4120655909037721e-02 -1.9554972633567417e-17
-2.5098734041314591e-01  7.6366443715051193e-18
-9.4466026223524679e-02 -4.2967381313071152e-18
-3.5732269925700039e-01 -1.3043266427647236e-17
-5.1341160235167993e-02  5.1292998879437021e-18
-3.2394663750177394e-01 -9.1589152024386644e-18
 8.5249200658826219e+00  5.6242974288315513e-18
 2.2183197908981924e+00 -6.0986357662028915e-19
 1.3202217798578173e+00  5.0008813282863594e-18
 3.3350050709592607e-16  0.0000000000000000e+00
-6.7755369426589419e-16  0.0000000000000000e+00
-1.0289867865785075e-01  1.3360823427587941e-17
 3.8342301138698681e-01 -0.0000000000000000e+00
 0.0000000000000000e+00  0.0000000000000000e+00
 0.0000000000000000e+00  0.0000000000000000e+00
-5.1885368581221745e-02 -8.7714989938621187e-18
 3.7136807955449791e-01 -2.0511423758659821e-17
-3.2846387358470700e+01  7.5894167435529416e-18
 2.2381234409359728e+01 -5.2041699497166697e-18
-1.6226765813697007e+01  0.0000000000000000e+00
-2.6623455276138148e-02 -8.4250721928268098e-18
 3.0914207274881733e-01 -4.2105622428312829e-18
 7.4549011866294257e-02  5.7243203565592326e-18
 2.4522760707889460e-01 -3.2593617239305714e-18
 2.1736397190430362e-01 -3.9077998488749059e-17
 2.0591304839433910e-01  1.1452172025920072e-17
 4.0187720373028180e-01  1.1700893815598154e-17
 7.6750113120400587e-02 -2.1987194537373310e-18
-8.3828336318354371e+00  1.3281474683330827e-17
 4.4471076263010438e+00 -7.8062536682948862e-18
 3.2539240276242629e+00 -1.1709382834703185e-17
 1.8675417251448762e-01 -4.2105052676427796e-18
 1.5062918799457739e-01 -1.2632801196944326e-17
 2.8839749714890422e-01 -7.6312064676581856e-18
 1.0816485364131033e-01  3.2601314164106847e-18
 5.2418993104905631e-01 -1.3029468668048571e-17
 4.7394138735284558e-02 -0.0000000000000000e+00
 5.9532374955703360e-01  4.8295187672691662e-17
 3.3036159269203627e-02  5.1309750803827674e-18
-3.4877580179057168e+00 -2.1006413909537057e-17
 1.5228376465845763e+00 -2.2056735295222847e-17
 9.2480763938427657e-01 -1.4900998160662924e-17
 3.5577597119337417e-01  1.2630395033219139e-17
 7.3756727677455280e-02  7.3705300337138199e-18
 4.0751004819366737e-01 -1.1447521394977630e-17
 4.9970645871640157e-02 -4.2795049314660681e-18
 6.4619624620089688e-01 -5.2126375485495811e-17
 2.2217427925224045e-02  3.8195250246308564e-18
 6.7937378859585584e-01  1.5371486139281965e-17
 1.4565735014179815e-02  3.2984265186178441e-18
-1.4052012801529468e+00  1.7982513221653385e-17
 7.3704397147777867e-01  2.7952094256905430e-18
 4.6203820220123365e-01  3.7709907710835670e-18
 4.3964624891282816e-01  1.0524986497734039e-17
 3.0771557354773316e-02  7.3711610338224701e-18
 4.5982086840578351e-01 -1.9080248315086612e-17
 1.4956464185345266e-02 -4.7893609463620836e-18
 7.0133138518053073e-01 -2.5250835169927731e-17
 8.8222874806058137e-03 -1.5278116975829932e-17
 7.1335025830055010e-01  3.8068202076234360e-17
 4.2741178960300141e-03 -4.7643226923276629e-18
-2.2945507372755511e-01  3.3318047930934336e-17
 5.0380029417390082e-01 -2.4671534830935876e-17
 1.4105999797046251e-01  6.7796518714629083e-18
 4.6564301839974143e-01 -9.4721476157487916e-18
 5.0912855647908413e-04 -0.0000000000000000e+00
 4.6074558637302770e-01 -7.6322146404917869e-18
-1.3930848602487542e-02  8.1525429041242772e-19
 7.1760883202174164e-01  8.5527441032451223e-18
 1.3691921086558974e-04 -7.6390105698316154e-18
 7.1388405165378976e-01  5.1246799589901760e-18
-3.9893750636296917e-03 -2.5653502271112881e-18
 7.4666491480826280e-01 -1.2497973744017697e-17
 5.1377746561459470e-01  4.9958015735523701e-18
-1.2540464354927117e-01 -1.6898307700610327e-17
 4.4148300010973618e-01  1.5785900618914354e-18
-2.9714917057178089e-02 -2.1062369509852498e-18
 4.1021901207550682e-01  3.8160277604842306e-18
-4.8894269658102972e-02  5.2993645798838309e-18
 7.0241653723537512e-01 -2.2805530718817491e-17
-8.5239821127001559e-03 -3.8194491820691253e-18
 6.8104222032063000e-01  2.8000200577860575e-17
-1.4231967587197528e-02  1.8323234930172197e-18
 1.9622071829365695e+00  1.9058242449181520e-17
 7.6703959156918189e-01 -2.0369453172027464e-17
-4.4398049567823061e-01  8.2534872670396610e-18
 3.5924193073793553e-01  4.2091568783941172e-18
-7.2683849080045645e-02  1.5797213472645095e-18
 2.9244005989517402e-01  3.8159567144139826e-18
-1.0727748448539097e-01 -8.1530915947523502e-18
 6.4848282349379716e-01 -9.7719107022394412e-18
-2.1855221965166115e-02 -7.6386422925236612e-18
 5.9820208985421175e-01 -1.2990640733982731e-17
-3.2656575771947888e-02  5.4965479068038776e-18
 4.1242328211509047e+00 -1.1722938435595049e-17
 1.5738184810853786e+00  1.1912678186673598e-17
-9.0599719127884926e-01 -9.0666392623341119e-18
 1.9098838737127480e-01 -6.3132457772913025e-18
-1.4993959933370055e-01 -2.1062961190471426e-18
 7.7984713111483139e-02  7.6337246883855763e-18
-2.4530837483499676e-01  1.9566497657453101e-17
 5.2761276018075276e-01  1.3023989891892055e-17
-4.7194880340362212e-02  7.6380952872073093e-18
 4.0576764680026373e-01  1.6827155898607642e-17
-7.6367700549289388e-02 -1.0805354010403335e-17
 9.1438196692962759e+00 -5.1499621610761358e-18
 4.5215355699595854e+00  5.8546959190265687e-18
-3.2087863485665253e+00 -2.7647155398380305e-18
 3.6411090753833988e-13  0.0000000000000000e+00
-3.2649387665552563e-13  0.0000000000000000e+00
-1.7941162912043142e-03 -4.0763603783501187e-19
-1.1925205505784356e-03  6.5648745225778487e-19
 0.0000000000000000e+00  0.0000000000000000e+00
 0.0000000000000000e+00  0.0000000000000000e+00
-2.8551316256180743e-04  2.2905572693711543e-19
-2.7424724518824301e-04 -1.3743376545972056e-19
 6.7306816735540598e-01  2.0381740239861392e-20
-3.7980861212311486e-02  6.0351110801532919e-21
-3.8713875645955173e-02  4.0975249454129780e-20
-5.1949002945538749e-03  2.6328021741575320e-19
-5.1239434006635194e-03 -5.2655031538301115e-19
-8.3660285117767297e-03  4.0764034251643527e-19
-1.1547659811595182e-02  5.9679697885234232e-19
-1.2006758281014017e-03 -4.1776332964014909e-19
-1.8118582725805612e-03 -0.0000000000000000e+00
-2.2273160334860347e-03  4.5810853415305110e-19
-5.2884879361408772e-03 -0.0000000000000000e+00
 5.6462694324305307e-01 -8.4703333958130538e-21
-7.6362479122619037e-02 -4.5739789239056520e-20
-5.1547097484283634e-02 -2.2869905127165019e-19
-1.1581882401685298e-02  4.5251780633126215e-19
-2.0979183408960166e-02  2.6326770593220648e-19
-1.4641380919690680e-02 -1.0191135938796260e-19
-3.2853468754060151e-02 -3.5806823336618396e-19
-3.1190897490296025e-03 -2.3872154652848296e-19
-1.0408283726696289e-02  4.0761747596180838e-19
-3.9834205615871124e-03 -2.8023238638854424e-19
-1.7270078600937173e-02 -2.7485049545711127e-19
 5.0578557163779625e-01 -6.7974407353642676e-19
-1.3372661262468030e-01 -2.5410985388403465e-21
 2.6803584306998949e-03  3.7608282547059707e-19
-1.7754802038669384e-02 -1.0531426207673564e-18
-4.7702991709337443e-02  2.1060647408170526e-18
-2.1072549529822984e-02 -4.5860649367116821e-19
-6.5051534819674628e-02  1.4322158711693524e-18
-4.8555099893992804e-03 -9.5488401841592098e-19
-2.5702910996473337e-02 -8.1519209900953755e-19
-5.7888159632481220e-03  4.8100951072957544e-19
-3.5911931183687060e-02  1.7406007871875612e-18
 5.9976510978784514e-01 -4.6586821817754874e-19
-1.9186001432742847e-01  5.5650065961408404e-19
 1.0077680585061494e-01 -2.4089623050496668e-18
-2.4615965004102801e-02  9.2150866751169887e-19
-8.5705745967222843e-02  1.5794773633351198e-18
-2.8648437858902927e-02 -1.6306195128595605e-18
-1.0905243276738620e-01 -6.2059568300193831e-18
-6.8176144420975353e-03 -4.7744056757653331e-19
-4.7867460801451857e-02 -3.2605330567808134e-18
-7.9846552984955844e-03  2.7486065103447855e-19
-6.1987460130633908e-02 -3.6640787379098124e-19
 9.4108042727361918e-01  1.5670112793244822e-18
-2.5704657537143932e-01 -5.2854857168826250e-19
 2.5594211214630558e-01  7.1659005276793909e-19
-3.2960482422439631e-02  6.5822643327336386e-19
-1.3635593016701567e-01 -5.2646456719892703e-19
-3.8182217066484420e-02  3.2612749692196698e-18
-1.6641456813977976e-01  5.7282565417866041e-18
-9.3411890487283510e-03  1.9097534225915993e-18
-7.8247463442159410e-02 -0.0000000000000000e+00
-1.0919397702720551e-02  8.2457372632288442e-19
-9.7404711376059716e-02  2.7477231688533946e-19
 1.6808960277062390e+00 -3.8116484898363033e-19
-3.3297261406191381e-01 -9.9611053222892376e-19
 5.1346289181582017e-01 -6.3019266300683844e-19
-4.3509740842954531e-02 -6.1215561264224039e-18
-2.0126402629119219e-01 -3.1586191462255125e-18
-5.0899671442518661e-02  1.6306509883449321e-18
-2.3817497257588205e-01 -7.6373493745470326e-18
-1.2899658632165504e-02  1.9097402892134874e-18
-1.1932022710315947e-01 -4.8897402300755609e-18
-1.5257153613161732e-02 -4.5121785290079703e-18
-1.4557020267037277e-01  8.0587668985199823e-18
 3.1140513364461060e+00  2.8121495525014507e-18
-4.2179069672001090e-01 -3.7811542651955063e-18
 9.8748897311618788e-01 -1.6059748508883932e-18
-5.7102843881456207e-02 -2.6329312881843139e-18
-2.8044312044302278e-01  1.4739840830810764e-17
-6.8667658706685536e-02 -3.2612984210350524e-18
-3.2122579036517290e-01 -4.7734729860652245e-18
-1.8792994229364153e-02 -0.0000000000000000e+00
-1.7557829292290453e-01  9.7780050651948631e-18
-2.2618660814686539e-02  2.3820025170805566e-18
-2.1320892786373818e-01 -1.9044764440930387e-17
 5.9409962638347489e+00 -4.6417392137190153e-18
-4.7231309628615281e-01  2.0532066811314289e-18
 2.0323319743467501e+00  9.6765034666098428e-18
-6.9637895788095844e-02 -2.1062818784904679e-18
-3.6419973858534177e-01 -2.1058922165691499e-18
-9.5163709244011324e-02 -0.0000000000000000e+00
-3.8434207136094289e-01  4.7735201554447360e-19
-2.8620606155324392e-02  7.6386841139423721e-18
-2.5499218171033261e-01 -0.0000000000000000e+00
-3.6299631354153289e-02  7.3278924492877716e-19
-3.1772718003850675e-01  1.8310039615304326e-17
 1.2172916617917924e+01  9.2834788885532868e-18
-1.0851866778488337e+00  4.0657571774685910e-19
 5.1635938293546575e+00 -3.4965511726229879e-18
-2.5169848534224940e-02  4.2101984543303902e-18
-3.1063134707538931e-01  1.0527850291611378e-17
 2.2120077802822113e-01 -5.2063639782528224e-17
-2.0611805666833108e-01  7.6313249859621929e-18
-1.0408845271065528e-01 -4.0554954615630108e-18
-3.8724992491209709e-01 -0.0000000000000000e+00
-4.9767175883240616e-02  2.0476008633021779e-17
-3.7314348413033066e-01 -2.0504755404440648e-17
 3.3867940920476620e+01 -6.5052153613593314e-18
 2.2592803163581440e+01 -2.6020870751229173e-17
 1.6394415786602305e+01  1.3010426069826047e-17
 0.0000000000000000e+00  0.0000000000000000e+00
 0.0000000000000000e+00  0.0000000000000000e+00
 1.0000000000000000e+00  0.0000000000000000e+00
 1.6263041170095029e-19  0.0000000000000000e+00
 1.0000000000000000e+00  0.0000000000000000e+00
 0.0000000000000000e+00  0.0000000000000000e+00
 1.0000000000000000e+00  0.0000000000000000e+00
 1.6623530972725484e-16  0.0000000000000000e+00
 1.0000000000000000e+00  0.0000000000000000e+00
 1.2934627614832914e-15  0.0000000000000000e+00
 1.0000000000000118e+00  0.0000000000000000e+00
 9.3182042055445012e-17  0.0000000000000000e+00
 1.0000000000000242e+00  0.0000000000000000e+00
-3.3389346573842795e-16  0.0000000000000000e+00
 1.0000000000000000e+00  0.0000000000000000e+00
-1.7455733408766999e-16  0.0000000000000000e+00
 1.0000000000000022e+00  0.0000000000000000e+00
-1.1447816821011051e-15  0.0000000000000000e+00
 1.0000000000000000e+00  0.0000000000000000e+00
-8.3429343500045134e-17  0.0000000000000000e+00
 1.0000000000000000e+00  0.0000000000000000e+00
 0.0000000000000000e+00  0.0000000000000000e+00
 1.0000000000000000e+00  0.0000000000000000e+00
 0.0000000000000000e+00  0.0000000000000000e+00
 1.0000000000000000e+00  0.0000000000000000e+00
 0.0000000000000000e+00  0.0000000000000000e+00
 1.0000000000000000e+00  0.0000000000000000e+00
-8.1803030698049718e-17  0.0000000000000000e+00
 9.9999999999999944e-01  0.0000000000000000e+00
-1.4792649662393302e-16  0.0000000000000000e+00
 9.9999999999999967e-01  0.0000000000000000e+00
 3.7754842426197672e-16  0.0000000000000000e+00
 9.9999999999999778e-01  0.0000000000000000e+00
-3.2416576488515501e-17  0.0000000000000000e+00
 1.0000000000000000e+00  0.0000000000000000e+00
 4.8008737906790589e-15  0.0000000000000000e+00
 1.0000000000000080e+00  0.0000000000000000e+00
 4.4315409735399455e-14  0.0000000000000000e+00
 9.9999999999999678e-01  0.0000000000000000e+00
-2.5042824621367180e-14  0.0000000000000000e+00
 0.0000000000000000e+00  0.0000000000000000e+00
 0.0000000000000000e+00  0.0000000000000000e+00
 2.8173807787728686e-18  0.0000000000000000e+00
 0.0000000000000000e+00  0.0000000000000000e+00
 6.9413752753531306e-18  0.0000000000000000e+00
 0.0000000000000000e+00  0.0000000000000000e+00
 4.4274314037946240e-18  0.0000000000000000e+00
 0.0000000000000000e+00  0.0000000000000000e+00
-1.3053276854407186e-17  0.0000000000000000e+00
 0.0000000000000000e+00  0.0000000000000000e+00
 2.0839733397195839e-11  0.0000000000000000e+00
 0.0000000000000000e+00  0.0000000000000000e+00
-3.0344849845799901e-12  0.0000000000000000e+00
-1.8061618816358102e-11  0.0000000000000000e+00
-8.4688794904492986e-12  0.0000000000000000e+00
-1.3607999692801536e-11  0.0000000000000000e+00
-1.2589660596409396e-11  0.0000000000000000e+00
-8.3465621742765748e-12  0.0000000000000000e+00
 1.1459381137987030e-16  0.0000000000000000e+00
 0.0000000000000000e+00  0.0000000000000000e+00
-8.3266590507538875e-17  0.0000000000000000e+00
 0.0000000000000000e+00  0.0000000000000000e+00
-1.0611845569567736e-16  0.0000000000000000e+00
 0.0000000000000000e+00  0.0000000000000000e+00
 2.0870894302187581e-17  0.0000000000000000e+00
 0.0000000000000000e+00  0.0000000000000000e+00
 2.2739733145507005e-13  0.0000000000000000e+00
 0.0000000000000000e+00  0.0000000000000000e+00
-2.2109698867771400e-12  0.0000000000000000e+00
 2.3838453149147360e-12  0.0000000000000000e+00
 2.1363044311482863e-16  0.0000000000000000e+00
 0.0000000000000000e+00  0.0000000000000000e+00
 0.0000000000000000e+00  0.0000000000000000e+00
 1.2856302782689101e-12  0.0000000000000000e+00
 8.6513755907242206e-17  0.0000000000000000e+00
 0.0000000000000000e+00  0.0000000000000000e+00
 0.0000000000000000e+00  0.0000000000000000e+00
 2.3637140090156888e-14  0.0000000000000000e+00
-1.4699771842842921e-15  0.0000000000000000e+00
 4.8064918189571433e-14  0.0000000000000000e+00
-1.2925819866966807e-13  0.0000000000000000e+00
 3.9550934056556103e-14  0.0000000000000000e+00
 oy !
