0.0 0.18053179642661904
0.0003333333333333334 0.18053179641507666
0.0006666666666666668 0.18053179622786264
0.001 0.18053179536923214
0.0013333333333333335 0.18053179296310762
0.001666666666666667 0.1805317877321333
0.002 0.18053177798258727
0.0023333333333333335 0.18053176159243117
0.002666666666666667 0.1805317360013562
0.0030000000000000005 0.18053169820222006
0.003333333333333334 0.18053164473351616
0.003666666666666667 0.18053157167264258
0.004 0.18053147462981087
0.004333333333333334 0.18053134874247873
0.004666666666666667 0.18053118867022044
0.005000000000000001 0.18053098858997185
0.005333333333333334 0.18053074219159476
0.005666666666666667 0.18053044267372303
0.006000000000000001 0.18053008273985488
0.006333333333333334 0.18052965459466488
0.006666666666666668 0.1805291499405128
0.007000000000000001 0.18052855997412892
0.007333333333333334 0.18052787538346135
0.007666666666666668 0.1805270863446691
0.008 0.1805261825192502
0.008333333333333335 0.18052515305129363
0.008666666666666668 0.18052398656484658
0.009000000000000001 0.18052267116138657
0.009333333333333334 0.18052119441739478
0.009666666666666667 0.1805195433820209
0.010000000000000002 0.18051770457483463
0.010333333333333335 0.18051566398366048
0.010666666666666668 0.18051340706248822
0.011000000000000001 0.18051091872945677
0.011333333333333334 0.18050818336490687
0.011666666666666669 0.1805051848095
0.012000000000000002 0.18050190636239868
0.012333333333333335 0.18049833077950667
0.012666666666666668 0.1804944402717661
0.013000000000000001 0.18049021650350822
0.013333333333333336 0.18048564059085725
0.013666666666666669 0.18048069310018258
0.014000000000000002 0.18047535404660028
0.014333333333333335 0.18046960289252004
0.014666666666666668 0.18046341854623704
0.015000000000000001 0.18045677936056606
0.015333333333333336 0.18044966313151764
0.01566666666666667 0.18044204709701392
0.016 0.18043390793564354
0.016333333333333335 0.18042522176545406
0.01666666666666667 0.18041596414278074
0.017 0.18040611006111096
0.017333333333333336 0.180395633949983
0.017666666666666667 0.1803845096739182
0.018000000000000002 0.18037271053138565
0.018333333333333337 0.18036020925379972
0.018666666666666668 0.18034697800454663
0.019000000000000003 0.18033298837804318
0.019333333333333334 0.18031821139882437
0.01966666666666667 0.18030261752065907
0.020000000000000004 0.1802861766256956
0.020333333333333335 0.18026885802363368
0.02066666666666667 0.18025063045092393
0.021 0.18023146206999366
0.021333333333333336 0.18021132046849964
0.02166666666666667 0.18019017265860474
0.022000000000000002 0.1801679850762813
0.022333333333333337 0.180144723580638
0.02266666666666667 0.1801203534532715
0.023000000000000003 0.18009483939764154
0.023333333333333338 0.18006814553846948
0.02366666666666667 0.1800402354211601
0.024000000000000004 0.18001107201124564
0.024333333333333335 0.17998061769385254
0.02466666666666667 0.17994883427318964
0.025000000000000005 0.1799156829720588
0.025333333333333336 0.17988112443138568
0.02566666666666667 0.17984511870977302
0.026000000000000002 0.1798076252830733
0.026333333333333337 0.179768603043983
0.026666666666666672 0.17972801030165628
0.027000000000000003 0.17968580478133916
0.027333333333333338 0.17964194362402286
0.02766666666666667 0.17959638338611744
0.028000000000000004 0.1795490800391438
0.028333333333333335 0.17949998896944563
0.02866666666666667 0.1794490649779195
0.029000000000000005 0.1793962622797634
0.029333333333333336 0.17934153450424503
0.02966666666666667 0.17928483469448633
0.030000000000000002 0.17922611530726823
0.030333333333333337 0.17916532821285105
0.030666666666666672 0.1791024246948148
0.031000000000000003 0.1790373554499148
0.03133333333333334 0.17897007058795683
0.03166666666666667 0.17890051963168735
0.032 0.1788286515167029
0.03233333333333334 0.17875441459137437
0.03266666666666667 0.17867775661678967
0.033 0.1785986247667115
0.03333333333333334 0.17851696562755315
0.03366666666666667 0.17843272519836917
0.034 0.17834584889086333
0.03433333333333334 0.17825628152941186
0.03466666666666667 0.1781639673511033
0.035 0.17806885000579334
0.035333333333333335 0.17797087255617625
0.03566666666666667 0.17786997747787123
0.036000000000000004 0.17776610665952441
0.036333333333333336 0.17765920140292654
0.036666666666666674 0.17754920242314512
0.037000000000000005 0.17743604984867267
0.037333333333333336 0.1773196832215889
0.037666666666666675 0.17720004149773907
0.038000000000000006 0.17707706304692594
0.03833333333333334 0.1769506856531173
0.03866666666666667 0.1768208465146678
0.03900000000000001 0.1766874822445553
0.03933333333333334 0.1765505288706315
0.03966666666666667 0.1764099218358876
0.04000000000000001 0.17626559599873318
0.04033333333333334 0.1761174856332901
0.04066666666666667 0.17596552442970007
0.04100000000000001 0.17580964549444641
0.04133333333333334 0.17564978135068957
0.04166666666666667 0.17548586393861634
0.042 0.17531782461580325
0.04233333333333334 0.17514559415759332
0.04266666666666667 0.1749691027574863
0.043000000000000003 0.17478828002754268
0.04333333333333334 0.17460305499880102
0.04366666666666667 0.17441335612170855
0.044000000000000004 0.17421911126656522
0.044333333333333336 0.1740202477239808
0.044666666666666674 0.1738166922053451
0.045000000000000005 0.17360837084331146
0.04533333333333334 0.17339520919229273
0.045666666666666675 0.17317713222897105
0.046000000000000006 0.17295406435281957
0.04633333333333334 0.1727259293866373
0.046666666666666676 0.1724926505770969
0.04700000000000001 0.17225415059530463
0.04733333333333334 0.17201035153737318
0.04766666666666667 0.17176117492500723
0.04800000000000001 0.17150654170610077
0.04833333333333334 0.17124637225534745
0.04866666666666667 0.17098058637486285
0.04900000000000001 0.17070910329481914
0.04933333333333334 0.17043184167409212
0.04966666666666667 0.17014871960091965
0.05000000000000001 0.16985965459357344
0.05033333333333334 0.16956456360104108
0.05066666666666667 0.16926336300372172
0.051000000000000004 0.1689559686141323
0.05133333333333334 0.16864229567762676
0.05166666666666667 0.1683222588731256
0.052000000000000005 0.16799577231385868
0.05233333333333334 0.16766274954811802
0.052666666666666674 0.16732310356002386
0.053000000000000005 0.1669767467703006
0.053333333333333344 0.16662359103706548
0.053666666666666675 0.1662635476566279
0.054000000000000006 0.16589652736430024
0.05433333333333334 0.16552244033522015
0.054666666666666676 0.1651411961851835
0.05500000000000001 0.16475270397148942
0.05533333333333334 0.16435687219379555
0.05566666666666668 0.16395360879498472
0.05600000000000001 0.1635428211620425
0.05633333333333334 0.16312441612694564
0.05666666666666667 0.1626982999675617
0.05700000000000001 0.16226437840855926
0.05733333333333334 0.16182255662232836
0.05766666666666667 0.16137273922991274
0.05800000000000001 0.16091483030195178
0.05833333333333334 0.16044873335963342
0.05866666666666667 0.15997435137565744
0.05900000000000001 0.15949158677520955
0.05933333333333334 0.15900034143694544
0.05966666666666667 0.15850051669398554
0.060000000000000005 0.15799201333491972
0.06033333333333334 0.1574747316048226
0.060666666666666674 0.15694857120627886
0.061000000000000006 0.156413431300419
0.061333333333333344 0.15586921050796432
0.061666666666666675 0.1553158069102831
0.062000000000000006 0.15475311805045577
0.062333333333333345 0.1541810409343504
0.06266666666666668 0.15359947203170826
0.06300000000000001 0.1530083072772388
0.06333333333333334 0.15240744207172463
0.06366666666666668 0.1517967712831357
0.064 0.1511761892477541
0.06433333333333334 0.1505455897713073
0.06466666666666668 0.1499048661301118
0.065 0.14925391107222583
0.06533333333333334 0.14859261681861155
0.06566666666666668 0.14792087506430632
0.066 0.14723857697960419
0.06633333333333334 0.14654561321124535
0.06666666666666668 0.14584187388361586
0.067 0.14512724859995604
0.06733333333333334 0.144401626443578
0.06766666666666668 0.143664895979092
0.068 0.1429169452536423
0.06833333333333334 0.14215766179815137
0.06866666666666668 0.14138693262857355
0.069 0.1406046442471569
0.06933333333333334 0.13981068264371435
0.06966666666666668 0.13900493329690297
0.07 0.1381872811755126
0.07033333333333334 0.1373576107397625
0.07066666666666667 0.13651580594260668
0.07100000000000001 0.135661750231048
0.07133333333333335 0.1347953265474603
0.07166666666666667 0.13391641733091897
0.07200000000000001 0.13302490451853996
0.07233333333333335 0.13212066954682733
0.07266666666666667 0.13120359335302834
0.07300000000000001 0.13027355637649715
0.07333333333333335 0.1293304385600666
0.07366666666666667 0.1283741193514278
0.07400000000000001 0.1274044777045178
0.07433333333333335 0.12642139208091555
0.07466666666666667 0.1254247404512451
0.07500000000000001 0.12441440029658701
0.07533333333333335 0.12339024860989767
0.07566666666666667 0.12235216189743567
0.07600000000000001 0.12130001618019647
0.07633333333333334 0.12023368699535482
0.07666666666666667 0.1191530493977137
0.07700000000000001 0.11805797796116181
0.07733333333333334 0.11694834678013812
0.07766666666666668 0.1158240294711033
0.07800000000000001 0.11468489917401943
0.07833333333333334 0.1135308285538364
0.07866666666666668 0.11236168980198505
0.07900000000000001 0.11117735463787876
0.07933333333333334 0.10997769431042083
0.07966666666666668 0.10876257959951938
0.08000000000000002 0.10753188081760974
0.08033333333333334 0.10628546781118298
0.08066666666666668 0.1050232099623216
0.08100000000000002 0.10374497619024237
0.08133333333333334 0.10245063495284541
0.08166666666666668 0.10114005424826995
0.08200000000000002 0.09981310161645765
0.08233333333333334 0.09846964414072136
0.08266666666666668 0.0971095484493208
0.083 0.09573268071704542
0.08333333333333334 0.09433890666680218
0.08366666666666668 0.09292809157121155
0.084 0.09150010025420828
0.08433333333333334 0.09005479709264899
0.08466666666666668 0.08859204601792633
0.085 0.08711171051758883
0.08533333333333334 0.0856136536369664
0.08566666666666668 0.08409773798080326
0.08600000000000001 0.08256382571489553
0.08633333333333335 0.08101177856773487
0.08666666666666668 0.0794414578321589
0.08700000000000001 0.07785272436700665
0.08733333333333335 0.07624543859877927
0.08766666666666668 0.07461946052330813
0.08800000000000001 0.07297464970742693
0.08833333333333335 0.07131086529064966
0.08866666666666667 0.06962796598685522
0.08900000000000001 0.06792581008597584
0.08933333333333335 0.06620425545569218
0.08966666666666667 0.06446315954313335
0.09000000000000001 0.06270237937658206
0.09033333333333335 0.06092177156718512
0.09066666666666667 0.05912119231066948
0.09100000000000001 0.057300497389062684
0.09133333333333335 0.05545954217241899
0.09166666666666667 0.05359818162055045
0.09200000000000001 0.05171627028476253
0.09233333333333335 0.04981366230959498
0.09266666666666667 0.04789021143456778
0.09300000000000001 0.04594577099593104
0.09333333333333335 0.04398019392842049
0.09366666666666668 0.041993332767017444
0.09400000000000001 0.039985039648712924
0.09433333333333335 0.03795516631427677
0.09466666666666668 0.0359035641100315
0.09500000000000001 0.03383008398962978
0.09533333333333334 0.03173457651583709
0.09566666666666668 0.029616891862318362
0.09600000000000002 0.02747687981542917
0.09633333333333334 0.0253143897760106
0.09666666666666668 0.023129270761188748
0.09700000000000002 0.020921371406178585
0.09733333333333334 0.018690539966090935
0.09766666666666668 0.016436624317744383
0.09800000000000002 0.014159471961480928
0.09833333333333334 0.011858930022984968
0.09866666666666668 0.00953484525510674
0.09900000000000002 0.007187064039689586
0.09933333333333334 0.004815432389400214
0.09966666666666668 0.0024197959495633366
0.1 0.0
