0.0 2.4331778035409437
0.0003333333333333334 2.4331778033512226
0.0006666666666666668 2.4331778002739948
0.001 2.4331777861608535
0.0013333333333333335 2.4331777466124267
0.001666666666666667 2.4331776606348705
0.002 2.4331775003930542
0.0023333333333333335 2.4331772310157467
0.002666666666666667 2.4331768104340794
0.0030000000000000005 2.4331761892433437
0.003333333333333334 2.4331753105822567
0.003666666666666667 2.4331741100258957
0.004 2.4331725154896633
0.004333333333333334 2.433170447142415
0.004666666666666667 2.433167817327342
0.005000000000000001 2.433164530489562
0.005333333333333334 2.4331604831095555
0.005666666666666667 2.4331555636418023
0.006000000000000001 2.43314965245807
0.006333333333333334 2.4331426217949175
0.006666666666666668 2.4331343357050383
0.007000000000000001 2.4331246500121306
0.007333333333333334 2.4331134122690528
0.007666666666666668 2.433100461719005
0.008 2.433085629259574
0.008333333333333335 2.433068737409445
0.008666666666666668 2.433049600277665
0.009000000000000001 2.4330280235352872
0.009333333333333334 2.433003804389317
0.009666666666666667 2.432976731558842
0.010000000000000002 2.432946585253243
0.010333333333333335 2.4329131371524317
0.010666666666666668 2.432876150389022
0.011000000000000001 2.432835379532358
0.011333333333333334 2.432790570574364
0.011666666666666669 2.432741460917153
0.012000000000000002 2.432687779362319
0.012333333333333335 2.4326292461019
0.012666666666666668 2.4325655727109545
0.013000000000000001 2.4324964621416965
0.013333333333333336 2.4324216087191854
0.013666666666666669 2.4323406981385003
0.014000000000000002 2.4322534074634
0.014333333333333335 2.432159405126408
0.014666666666666668 2.432058350930323
0.015000000000000001 2.4319498960511
0.015333333333333336 2.431833683042106
0.01566666666666667 2.431709345839697
0.016 2.431576509770124
0.016333333333333335 2.431434791557721
0.01666666666666667 2.431283799334365
0.017 2.431123132650198
0.017333333333333336 2.430952382485573
0.017666666666666667 2.430771131264216
0.018000000000000002 2.4305789528675934
0.018333333333333337 2.430375412650461
0.018666666666666668 2.430160067457564
0.019000000000000003 2.4299324656415036
0.019333333333333334 2.4296921470817323
0.01966666666666667 2.4294386432046666
0.020000000000000004 2.4291714770048998
0.020333333333333335 2.4288901630675226
0.02066666666666667 2.4285942075914986
0.021 2.4282831084141163
0.021333333333333336 2.427956355036491
0.02166666666666667 2.4276134286500946
0.022000000000000002 2.4272538021643135
0.022333333333333337 2.426876940235021
0.02266666666666667 2.4264822992941397
0.023000000000000003 2.4260693275801923
0.023333333333333338 2.4256374651698245
0.02366666666666667 2.4251861440102895
0.024000000000000004 2.4247147879528774
0.024333333333333335 2.424222812787285
0.02466666666666667 2.4237096262769025
0.025000000000000005 2.4231746281950173
0.025333333333333336 2.422617210361916
0.02566666666666667 2.422036756682867
0.026000000000000002 2.4214326431869915
0.026333333333333337 2.4208042380669874
0.026666666666666672 2.4201509017197074
0.027000000000000003 2.4194719867875802
0.027333333333333338 2.418766838200852
0.02766666666666667 2.4180347932206545
0.028000000000000004 2.4172751814828684
0.028333333333333335 2.41648732504278
0.02866666666666667 2.415670538420524
0.029000000000000005 2.4148241286472887
0.029333333333333336 2.4139473953122796
0.02966666666666667 2.413039630610425
0.030000000000000002 2.412100119390826
0.030333333333333337 2.411128139205907
0.030666666666666672 2.4101229603612975
0.031000000000000003 2.4090838459663875
0.03133333333333334 2.4080100519855945
0.03166666666666667 2.4069008272902748
0.032 2.4057554137113226
0.03233333333333334 2.4045730460923953
0.03266666666666667 2.4033529523437918
0.033 2.4020943534969477
0.03333333333333334 2.400796463759546
0.03366666666666667 2.3994584905712246
0.034 2.398079634659879
0.03433333333333334 2.3966590900985367
0.03466666666666667 2.3951960443627978
0.035 2.393689678388821
0.035333333333333335 2.392139166631865
0.03566666666666667 2.390543677125343
0.036000000000000004 2.3889023715403948
0.036333333333333336 2.387214405245977
0.036666666666666674 2.3854789273694204
0.037000000000000005 2.383695080857486
0.037333333333333336 2.3818620025378854
0.037666666666666675 2.3799788231812418
0.038000000000000006 2.378044667563514
0.03833333333333334 2.3760586545288356
0.03866666666666667 2.3740198970527784
0.03900000000000001 2.371927502306023
0.03933333333333334 2.3697805717184184
0.03966666666666667 2.3675782010434303
0.04000000000000001 2.365319480422955
0.04033333333333334 2.3630034944524874
0.04066666666666667 2.3606293222466457
0.04100000000000001 2.358196037505016
0.04133333333333334 2.3557027085783284
0.04166666666666667 2.3531483985349384
0.042 2.3505321652276083
0.04233333333333334 2.3478530613605666
0.04266666666666667 2.3451101345568537
0.043000000000000003 2.3423024274259183
0.04333333333333334 2.3394289776314663
0.04366666666666667 2.336488817959556
0.044000000000000004 2.3334809763869027
0.044333333333333336 2.3304044761494147
0.044666666666666674 2.327258335810924
0.045000000000000005 2.3240415693321093
0.04533333333333334 2.3207531861395956
0.045666666666666675 2.3173921911952315
0.046000000000000006 2.3139575850655105
0.04633333333333334 2.310448363991147
0.046666666666666676 2.306863519956784
0.04700000000000001 2.30320204076082
0.04733333333333334 2.299462910085348
0.04766666666666667 2.295645107566201
0.04800000000000001 2.291747608863081
0.04833333333333334 2.287769385729759
0.04866666666666667 2.283709406084362
0.04900000000000001 2.2795666340796927
0.04933333333333334 2.275340030173615
0.04966666666666667 2.2710285511994583
0.05000000000000001 2.266631150436455
0.05033333333333334 2.262146777680189
0.05066666666666667 2.257574379313045
0.051000000000000004 2.2529128983746536
0.05133333333333334 2.2481612746323156
0.05166666666666667 2.2433184446514027
0.052000000000000005 2.2383833418657124
0.05233333333333334 2.2333548966477803
0.052666666666666674 2.228232036379134
0.053000000000000005 2.2230136855204763
0.053333333333333344 2.217698765681793
0.053666666666666675 2.2122861956923683
0.054000000000000006 2.2067748916707135
0.05433333333333334 2.2011637670943722
0.054666666666666676 2.195451732869627
0.05500000000000001 2.1896376974010696
0.05533333333333334 2.183720566661043
0.05566666666666668 2.1776992442589327
0.05600000000000001 2.1715726315103128
0.05633333333333334 2.1653396275059253
0.05666666666666667 2.1589991291804917
0.05700000000000001 2.152550031381351
0.05733333333333334 2.1459912269368964
0.05766666666666667 2.1393216067248333
0.05800000000000001 2.1325400597402173
0.05833333333333334 2.1256454731632948
0.05866666666666667 2.1186367324271114
0.05900000000000001 2.111512721284899
0.05933333333333334 2.104272321877227
0.05966666666666667 2.0969144147989027
0.060000000000000005 2.089437879165627
0.06033333333333334 2.081841592680394
0.060666666666666674 2.0741244316996132
0.061000000000000006 2.066285271298972
0.061333333333333344 2.058322985339003
0.061666666666666675 2.050236446530378
0.062000000000000006 2.0420245264988974
0.062333333333333345 2.033686095850182
0.06266666666666668 2.025220024234058
0.06300000000000001 2.0166251804086275
0.06333333333333334 2.0079004323040155
0.06366666666666668 1.9990446470857894
0.064 1.9900566912180546
0.06433333333333334 1.9809354305261941
0.06466666666666668 1.9716797302592817
0.065 1.9622884551521287
0.06533333333333334 1.952760469486986
0.06566666666666668 1.9430946371548725
0.066 1.9332898217165493
0.06633333333333334 1.9233448864631075
0.06666666666666668 1.913258694476188
0.067 1.903030108687816
0.06733333333333334 1.8926579919398436
0.06766666666666668 1.8821412070430028
0.068 1.871478616835564
0.06833333333333334 1.8606690842415847
0.06866666666666668 1.849711472328761
0.069 1.838604644365863
0.06933333333333334 1.8273474638797533
0.06966666666666668 1.8159387947119925
0.07 1.80437750107502
0.07033333333333334 1.7926624476079025
0.07066666666666667 1.7807924994316613
0.07100000000000001 1.768766522204159
0.07133333333333335 1.756583382174553
0.07166666666666667 1.7442419462372984
0.07200000000000001 1.7317410819857244
0.07233333333333335 1.7190796577651464
0.07266666666666667 1.7062565427255376
0.07300000000000001 1.6932706068737446
0.07333333333333335 1.680120721125249
0.07366666666666667 1.666805757355464
0.07400000000000001 1.6533245884505785
0.07433333333333335 1.6396760883579347
0.07466666666666667 1.6258591321359388
0.07500000000000001 1.6118725960035012
0.07533333333333335 1.597715357389013
0.07566666666666667 1.583386294978844
0.07600000000000001 1.5688842887653702
0.07633333333333334 1.554208220094527
0.07666666666666667 1.539356971712878
0.07700000000000001 1.5243294278142145
0.07733333333333334 1.5091244740856655
0.07766666666666668 1.4937409977533285
0.07800000000000001 1.4781778876274225
0.07833333333333334 1.4624340341469495
0.07866666666666668 1.4465083294238716
0.07900000000000001 1.430399667286809
0.07933333333333334 1.4141069433242397
0.07966666666666668 1.3976290549272157
0.08000000000000002 1.3809649013315985
0.08033333333333334 1.3641133836597927
0.08066666666666668 1.3470734049619955
0.08100000000000002 1.3298438702569573
0.08133333333333334 1.312423686572252
0.08166666666666668 1.2948117629840485
0.08200000000000002 1.2770070106564055
0.08233333333333334 1.2590083428800656
0.08266666666666668 1.2408146751107554
0.083 1.2224249250070087
0.08333333333333334 1.203838012467482
0.08366666666666668 1.1850528596677967
0.084 1.1660683910968783
0.08433333333333334 1.1468835335928114
0.08466666666666668 1.1274972163782078
0.085 1.1079083710950846
0.08533333333333334 1.0881159318392493
0.08566666666666668 1.0681188351942106
0.08600000000000001 1.0479160202645934
0.08633333333333335 1.0275064287090674
0.08666666666666668 1.0068890047728027
0.08700000000000001 0.9860626953194325
0.08733333333333335 0.9650264498625323
0.08766666666666668 0.9437792205966321
0.08800000000000001 0.9223199624277357
0.08833333333333335 0.9006476330033644
0.08866666666666667 0.8787611927421317
0.08900000000000001 0.8566596048628331
0.08933333333333335 0.8343418354130674
0.08966666666666667 0.8118068532973887
0.09000000000000001 0.7890536303049791
0.09033333333333335 0.7660811411368609
0.09066666666666667 0.7428883634326394
0.09100000000000001 0.7194742777967778
0.09133333333333335 0.6958378678244104
0.09166666666666667 0.6719781201267004
0.09200000000000001 0.6478940243557254
0.09233333333333335 0.6235845732289163
0.09266666666666667 0.59904876255304
0.09300000000000001 0.5742855912477212
0.09333333333333335 0.5492940613685199
0.09366666666666668 0.524073178129562
0.09400000000000001 0.49862194992571457
0.09433333333333335 0.47293938835432325
0.09466666666666668 0.44702450823651013
0.09500000000000001 0.4208763276380228
0.09533333333333334 0.39449386788965474
0.09566666666666668 0.36787615360722736
0.09600000000000002 0.3410222127111432
0.09633333333333334 0.3139310764455023
0.09666666666666668 0.2866017793967982
0.09700000000000002 0.2590333595121906
0.09733333333333334 0.23122485811734753
0.09766666666666668 0.20317531993387683
0.09800000000000002 0.17488379309634108
0.09833333333333334 0.14634932916885066
0.09866666666666668 0.11757098316125442
0.09900000000000002 0.08854781354492193
0.09933333333333334 0.059278882268112586
0.09966666666666668 0.029763254770950296
0.1 0.0
