0.0 216.99228776563928
0.0003333333333333334 216.9922868864966
0.0006666666666666668 216.99227245215837
0.001 216.99220644125833
0.0013333333333333335 216.9920224217665
0.001666666666666667 216.9916252274382
0.002 216.9908916906252
0.0023333333333333335 216.98967218818285
0.002666666666666667 216.9877928485784
0.0030000000000000005 216.9850582839396
0.003333333333333334 216.9812547114949
0.003666666666666667 216.97615332878595
0.004 216.96951381145357
0.004333333333333334 216.96108781131062
0.004666666666666667 216.95062234659684
0.005000000000000001 216.93786299380128
0.005333333333333334 216.92255681012617
0.005666666666666667 216.90445493595212
0.006000000000000001 216.883314846232
0.006333333333333334 216.85890223752497
0.006666666666666668 216.83099255266183
0.007000000000000001 216.79937215741185
0.007333333333333334 216.7638391928841
0.007666666666666668 216.72420413388318
0.008 216.6802900873209
0.008333333333333335 216.63193286646305
0.008666666666666668 216.57898087668391
0.009000000000000001 216.52129484694495
0.009333333333333334 216.45874743880307
0.009666666666666667 216.391222761729
0.010000000000000002 216.31861582017976
0.010333333333333335 216.24083191442128
0.010666666666666668 216.15778601373725
0.011000000000000001 216.0694021174778
0.011333333333333334 215.9756126165007
0.011666666666666669 215.87635766489132
0.012000000000000002 215.77158456976485
0.012333333333333335 215.66124720465305
0.012666666666666668 215.5453054506809
0.013000000000000001 215.4237246681438
0.013333333333333336 215.29647520005201
0.013666666666666669 215.16353190830253
0.014000000000000002 215.02487374243128
0.014333333333333335 214.88048334035813
0.014666666666666668 214.7303466601321
0.015000000000000001 214.5744526413943
0.015333333333333336 214.41279289507517
0.01566666666666667 214.24536141972158
0.016 214.07215434278115
0.016333333333333335 213.89316968515348
0.01666666666666667 213.70840714733194
0.017 213.517867915503
0.017333333333333336 213.32155448602884
0.017666666666666667 213.11947050681354
0.018000000000000002 212.9116206341338
0.018333333333333337 212.69801040360346
0.018666666666666668 212.4786461140265
0.019000000000000003 212.25353472298517
0.019333333333333334 212.022683753093
0.01966666666666667 211.78610120792763
0.020000000000000004 211.54379549673885
0.020333333333333335 211.29577536709948
0.02066666666666667 211.04204984474268
0.021 210.78262817989105
0.021333333333333336 210.51751979944748
0.02166666666666667 210.2467342644733
0.022000000000000002 209.97028123243177
0.022333333333333337 209.688170423726
0.02266666666666667 209.40041159209954
0.023000000000000003 209.10701449851427
0.023333333333333338 208.80798888815204
0.02366666666666667 208.50334447022473
0.024000000000000004 208.1930909003042
0.024333333333333335 207.87723776491427
0.02466666666666667 207.5557945681495
0.025000000000000005 207.2287707201122
0.025333333333333336 206.89617552697487
0.02566666666666667 206.55801818249893
0.026000000000000002 206.21430776085379
0.026333333333333337 205.86505321059812
0.026666666666666672 205.51026334969765
0.027000000000000003 205.14994686146636
0.027333333333333338 204.78411229133067
0.02766666666666667 204.4127680443243
0.028000000000000004 204.0359223832326
0.028333333333333335 203.65358342731074
0.02866666666666667 203.26575915151292
0.029000000000000005 202.8724573861685
0.029333333333333336 202.47368581705535
0.02966666666666667 202.06945198582005
0.030000000000000002 201.65976329070278
0.030333333333333337 201.24462698752782
0.030666666666666672 200.82405019092525
0.031000000000000003 200.39803987575206
0.03133333333333334 199.96660287868616
0.03166666666666667 199.52974589996674
0.032 199.0874755052598
0.03233333333333334 198.63979812762872
0.03266666666666667 198.1867200695916
0.033 197.7282475052502
0.03333333333333334 197.2643864824758
0.03366666666666667 196.79514292513966
0.034 196.32052263537688
0.03433333333333334 195.84053129587403
0.03466666666666667 195.3551744721708
0.035 194.86445761496913
0.035333333333333335 194.36838606244234
0.03566666666666667 193.86696504253845
0.036000000000000004 193.36019967527216
0.036333333333333336 192.84809497500106
0.036666666666666674 192.33065585268207
0.037000000000000005 191.80788711810507
0.037333333333333336 191.2797934820995
0.037666666666666675 190.74637955871265
0.038000000000000006 190.2076498673573
0.03833333333333334 189.66360883492567
0.03866666666666667 189.11426079786983
0.03900000000000001 188.55961000424637
0.03933333333333334 187.99966061572405
0.03966666666666667 187.43441670955482
0.04000000000000001 186.86388228050637
0.04033333333333334 186.2880612427566
0.04066666666666667 185.70695743174912
0.04100000000000001 185.1205746060106
0.04133333333333334 184.5289164489291
0.04166666666666667 183.93198657049314
0.042 183.32978850899357
0.04233333333333334 182.72232573268602
0.04266666666666667 182.10960164141656
0.043000000000000003 181.49161956820896
0.04333333333333334 180.86838278081535
0.04366666666666667 180.23989448323098
0.044000000000000004 179.6061578171721
0.044333333333333336 178.96717586351863
0.044666666666666674 178.32295164372283
0.045000000000000005 177.67348812118286
0.04533333333333334 177.01878820258304
0.045666666666666675 176.3588547392018
0.046000000000000006 175.69369052818672
0.04633333333333334 175.02329831379802
0.046666666666666676 174.34768078862186
0.04700000000000001 173.66684059475276
0.04733333333333334 172.98078032494644
0.04766666666666667 172.28950252374443
0.04800000000000001 171.59300968856988
0.04833333333333334 170.89130427079598
0.04866666666666667 170.1843886767878
0.04900000000000001 169.47226526891728
0.04933333333333334 168.7549363665533
0.04966666666666667 168.0324042470264
0.05000000000000001 167.30467114656906
0.05033333333333334 166.57173926123303
0.05066666666666667 165.8336107477821
0.051000000000000004 165.09028772456392
0.05133333333333334 164.34177227235887
0.05166666666666667 163.5880664352079
0.052000000000000005 162.82917222121947
0.05233333333333334 162.0650916033559
0.052666666666666674 161.29582652020093
0.053000000000000005 160.5213788767069
0.053333333333333344 159.74175054492395
0.053666666666666675 158.95694336471058
0.054000000000000006 158.1669591444269
0.05433333333333334 157.37179966161014
0.054666666666666676 156.57146666363371
0.05500000000000001 155.76596186834985
0.05533333333333334 154.95528696471612
0.05566666666666668 154.13944361340674
0.05600000000000001 153.3184334474086
0.05633333333333334 152.49225807260268
0.05666666666666667 151.66091906833108
0.05700000000000001 150.82441798795068
0.05733333333333334 149.98275635937256
0.05766666666666667 149.1359356855885
0.05800000000000001 148.28395744518497
0.05833333333333334 147.42682309284444
0.05866666666666667 146.5645340598345
0.05900000000000001 145.6970917544853
0.05933333333333334 144.82449756265535
0.05966666666666667 143.94675284818652
0.060000000000000005 143.06385895334762
0.06033333333333334 142.17581719926775
0.060666666666666674 141.28262888635945
0.061000000000000006 140.38429529473143
0.061333333333333344 139.48081768459176
0.061666666666666675 138.5721972966418
0.062000000000000006 137.65843535246023
0.062333333333333345 136.73953305487876
0.06266666666666668 135.81549158834872
0.06300000000000001 134.886312119299
0.06333333333333334 133.95199579648624
0.06366666666666668 133.01254375133604
0.064 132.0679570982771
0.06433333333333334 131.11823693506736
0.06466666666666668 130.16338434311245
0.065 129.20340038777744
0.06533333333333334 128.23828611869078
0.06566666666666668 127.26804257004181
0.066 126.29267076087164
0.06633333333333334 125.31217169535688
0.06666666666666668 124.3265463630876
0.067 123.33579573933889
0.06733333333333334 122.33992078533605
0.06766666666666668 121.33892244851427
0.068 120.33280166277245
0.06833333333333334 119.32155934872127
0.06866666666666668 118.30519641392581
0.069 117.28371375314316
0.06933333333333334 116.25711224855426
0.06966666666666668 115.22539276999129
0.07 114.18855617515963
0.07033333333333334 113.1466033098553
0.07066666666666667 112.09953500817757
0.07100000000000001 111.04735209273699
0.07133333333333335 109.99005537485928
0.07166666666666667 108.9276456547841
0.07200000000000001 107.86012372186046
0.07233333333333335 106.78749035473744
0.07266666666666667 105.70974632155098
0.07300000000000001 104.62689238010684
0.07333333333333335 103.53892927805967
0.07366666666666667 102.44585775308812
0.07400000000000001 101.34767853306661
0.07433333333333335 100.2443923362335
0.07466666666666667 99.13599987135534
0.07500000000000001 98.02250183788833
0.07533333333333335 96.90389892613601
0.07566666666666667 95.78019181740392
0.07600000000000001 94.65138118415098
0.07633333333333334 93.517467690138
0.07666666666666667 92.37845199057276
0.07700000000000001 91.23433473225265
0.07733333333333334 90.08511655370414
0.07766666666666668 88.93079808531918
0.07800000000000001 87.77137994948964
0.07833333333333334 86.60686276073834
0.07866666666666668 85.43724712584763
0.07900000000000001 84.2625336439857
0.07933333333333334 83.08272290683027
0.07966666666666668 81.89781549868928
0.08000000000000002 80.70781199662036
0.08033333333333334 79.51271297054684
0.08066666666666668 78.31251898337206
0.08100000000000002 77.1072305910914
0.08133333333333334 75.89684834290213
0.08166666666666668 74.68137278131077
0.08200000000000002 73.46080444223911
0.08233333333333334 72.23514385512763
0.08266666666666668 71.00439154303682
0.083 69.76854802274741
0.08333333333333334 68.52761380485735
0.08366666666666668 67.28158939387852
0.084 66.03047528833032
0.08433333333333334 64.77427198083194
0.08466666666666668 63.512979958193355
0.085 62.24659970150391
0.08533333333333334 60.9751316862194
0.08566666666666668 59.69857638224812
0.08600000000000001 58.41693425403465
0.08633333333333335 57.13020576064211
0.08666666666666668 55.838391355833544
0.08700000000000001 54.54149148815113
0.08733333333333335 53.23950660099404
0.08766666666666668 51.93243713269543
0.08800000000000001 50.62028351659744
0.08833333333333335 49.30304618112473
0.08866666666666667 47.980725549857574
0.08900000000000001 46.653322041602515
0.08933333333333335 45.320836070462555
0.08966666666666667 43.98326804590586
0.09000000000000001 42.64061837283299
0.09033333333333335 41.29288745164323
0.09066666666666667 39.94007567829982
0.09100000000000001 38.5821834443936
0.09133333333333335 37.219211137205924
0.09166666666666667 35.85115913977049
0.09200000000000001 34.478027830933655
0.09233333333333335 33.099817585414186
0.09266666666666667 31.716528773861832
0.09300000000000001 30.328161762914604
0.09333333333333335 28.93471691525537
0.09366666666666668 27.5361945896676
0.09400000000000001 26.13259514108957
0.09433333333333335 24.723918920668236
0.09466666666666668 23.310166275812044
0.09500000000000001 21.89133755024248
0.09533333333333334 20.46743308404523
0.09566666666666668 19.03845321372017
0.09600000000000002 17.60439827223079
0.09633333333333334 16.165268589052307
0.09666666666666668 14.72106449021944
0.09700000000000002 13.271786298373348
0.09733333333333334 11.817434332807357
0.09766666666666668 10.358008909512385
0.09800000000000002 8.89351034122158
0.09833333333333334 7.423938937453822
0.09866666666666668 5.94929500455691
0.09900000000000002 4.469578845750068
0.09933333333333334 2.9847907611652946
0.09966666666666668 1.4949310478885003
0.1 0.0
