# Material block id
1

# Number of basic eqn variables
10
0 1 1 1
1 1 1 1
9 1 1 3
10 1 1 1
11 1 1 1
12 1 1 1
19 1 1 1
20 1 1 1
21 1 1 1
22 1 1 1

# Interaction Table
1 1 1 1 1 1 1 1 1 1 
1 1 1 1 1 1 1 1 1 1 
1 1 1 1 1 1 1 1 1 1 
1 1 1 1 1 1 1 1 1 1 
1 1 1 1 1 1 1 1 1 1 
1 1 1 1 1 1 1 1 1 1 
1 1 0 0 0 0 1 1 1 1 
1 1 0 0 0 0 1 1 1 1 
1 1 0 0 0 0 1 1 1 1 
1 1 0 0 0 0 1 1 1 1 

# Num of nodes per element
9
0 1 10 11 12 19 20 21 22 
0 1 10 11 12 19 20 21 22 
0 1 10 11 12 19 20 21 22 
0 1 10 11 12 19 20 21 22 
0 1 
0 1 
0 1 
0 1 
0 1 9 

