 0.0000000000000000e+00
 0.0000000000000000e+00
 5.2234518180959538e-14
 1.5348113007205156e-10
-1.2719310968634635e-02
-3.7380975512235708e-03
 5.1564369301206475e-11
 2.0590319450487411e-10
 0.0000000000000000e+00
 0.0000000000000000e+00
 1.4271963031133876e-12
 2.0624633736157513e-10
-1.0611063869824792e-02
-3.8301702089032375e-03
 1.4519543246555113e+00
 5.5653202587673745e-01
-4.3374314477654641e-01
-2.3320702576722346e-02
-6.8538966189744983e-03
 2.2277820663142830e-11
 2.0139168478900639e-10
-2.0376867562170095e-02
-7.5667076832169090e-03
-3.2379541416346712e-02
-9.5160090042812825e-03
-5.0822075020004198e-12
 1.9032499044390288e-10
-2.9435582775752873e-02
-1.1024887421180567e-02
 6.6955577198296623e-01
 1.9524432910462342e-01
-3.6651857783994474e-01
 0.0000000000000000e+00
 0.0000000000000000e+00
 1.3691849459325380e-11
 1.3667809021994258e-10
-9.6444242856040703e-03
-2.6412729365771054e-03
 0.0000000000000000e+00
 0.0000000000000000e+00
-1.1346065850766482e-11
 1.8407879849113421e-10
-1.0536261157426556e-02
-3.5474250494519125e-03
 1.0793126119755958e+00
 4.6292192548685232e-02
-3.7879236143850398e-01
-1.9387144534365085e-02
-5.2356351606310352e-03
 7.9440970976393855e-13
 1.7614153367361613e-10
-2.8949468242680916e-02
-7.8815092876693988e-03
-2.0451523355634899e-02
-6.8467857879980845e-03
-2.9882710216576947e-02
-9.8776762560933810e-03
 3.3027918868918205e-01
-1.6559016570771587e-01
-3.8719549297419936e-01
-4.0222784078826172e-02
-1.1821863513941653e-02
 2.5573924236019663e-11
 1.9729643490947702e-10
-3.7894497331254967e-02
-1.4200445686509355e-02
-4.7224493180064858e-02
-1.3878346766108338e-02
 5.5745027670874289e-11
 2.0591823777320106e-10
-4.5868191149529433e-02
-1.6945546021358081e-02
-9.5981423339391234e-03
-1.6510353778492626e-01
-3.3858988079997954e-01
-3.8226384984004491e-02
-1.0307637341619857e-02
 6.7984957844990874e-13
 1.7833292019742376e-10
-3.8881035272023842e-02
-1.2774416712018680e-02
-4.7049982156830226e-02
-1.2925061732054660e-02
-4.7484097572314164e-02
-1.5415046684801833e-02
-4.2223239776110705e-01
-1.7888615561514210e-01
-3.9238346796457829e-01
 0.0000000000000000e+00
 0.0000000000000000e+00
-1.5754737756688562e-12
 1.2637415453491483e-10
-1.0171293146254564e-02
-3.1201731560423040e-03
 0.0000000000000000e+00
 0.0000000000000000e+00
-9.6040605692801576e-12
 1.5464258739975540e-10
-1.0729777770726007e-02
-3.5088565357781622e-03
 7.5610841783882021e-01
-1.5834901158553145e-02
-3.6597957310903867e-01
-2.0239386187255737e-02
-6.1654608485577495e-03
-9.8048625853805845e-12
 1.5499242941622539e-10
-2.9979342344073831e-02
-9.2117693424275341e-03
-2.0953167454669859e-02
-6.7940683524599331e-03
-3.0741892242933694e-02
-9.8421420814040969e-03
 2.6504669352149977e-02
-1.2122747896029552e-01
-3.7430959306744876e-01
-3.9301496322085579e-02
-1.2053426426412672e-02
-8.1493425965930749e-12
 1.5489544584077768e-10
-4.8180746646777559e-02
-1.4800523589171921e-02
-4.0121853330280823e-02
-1.2736677148378740e-02
-4.9083891625520890e-02
-1.5452075156894771e-02
-7.2058387264917056e-01
-8.9594081941226561e-02
-3.7822788913611871e-01
-5.3601335542425264e-02
-1.5757025213319266e-02
 2.7854572246541332e-11
 1.9665637667401021e-10
-5.3403426691190040e-02
-1.9370248328710999e-02
-5.9589260346664751e-02
-1.7509440976536748e-02
 3.8775409436374088e-13
 1.8595304670882505e-10
-6.0615843380344210e-02
-2.1371949271881942e-02
-6.5926312017029975e-01
-5.6233019186892486e-01
-3.3718221128946274e-01
-5.5525969416042584e-02
-1.5274068068935696e-02
-5.6323721166663940e-13
 1.8008934788300968e-10
-5.5642869804163789e-02
-1.7942504286352023e-02
-6.3462087590428123e-02
-1.7828555212371699e-02
-6.3399966095388477e-02
-2.0216951963045852e-02
-1.1798446159926714e+00
-1.9074911449309409e-01
-3.9287345603616236e-01
-5.6655483685163134e-02
-1.7350518104265300e-02
-7.8411028969999490e-12
 1.5488974713574340e-10
-5.7604568782474427e-02
-1.8014985628680778e-02
-6.4689667239817075e-02
-1.9788295737715202e-02
-6.5685340631290098e-02
-2.0406785667228911e-02
-1.4758079458455649e+00
-8.2766747441986019e-02
-3.8110712726776436e-01
 0.0000000000000000e+00
 0.0000000000000000e+00
 9.0667863888236803e-12
 1.1593492926636197e-10
-1.0776580030388651e-02
-3.4194344885941229e-03
 0.0000000000000000e+00
 0.0000000000000000e+00
-3.1948097677853552e-11
 2.0874281976593800e-10
-1.0927801253672011e-02
-3.5753320668653705e-03
 7.2873034906979828e-01
 5.2996218267107376e-02
-3.7301843841353388e-01
-2.1211961688005529e-02
-6.7129839914904232e-03
-5.6768709521298495e-12
 1.3918527976893752e-10
-3.1199011620523666e-02
-9.9222263521267090e-03
-2.1346026020936878e-02
-6.9841531020928289e-03
-3.1297028891700940e-02
-1.0212671270492807e-02
-1.2464254191286772e-02
-1.3156904329260788e-02
-3.7417751372186825e-01
-4.0688660613686985e-02
-1.2946172350550860e-02
-1.3976273161567548e-11
 1.4356257948278835e-10
-4.9708735919874805e-02
-1.5796183939743816e-02
-4.0800864377688033e-02
-1.3301978659267653e-02
-4.9845198277353155e-02
-1.6249042174842840e-02
-7.6098023863575237e-01
 9.6975313349284692e-03
-3.7401615669466554e-01
-5.8280543573545313e-02
-1.8479548132973676e-02
-2.0302149203683720e-11
 1.4761673577454570e-10
-6.6402601422671959e-02
-2.0995802720231029e-02
-5.8421043884922821e-02
-1.9048591345444035e-02
-6.6529006460507481e-02
-2.1703401583711472e-02
-1.5097826736327302e+00
 9.0324668925057597e-03
-3.7447391742341785e-01
-6.5329930486450818e-02
-1.9223227131448656e-02
 3.1021554333247758e-11
 1.9300047618685139e-10
-6.7549744684882077e-02
-2.3102574684578377e-02
-7.1142825719870323e-02
-2.0888514239916028e-02
 6.1150140177020587e-11
 2.0176694953989542e-10
-7.4259059229539431e-02
-2.4524958710876461e-02
-1.3395215021735674e+00
-8.8598964325240837e-01
-3.5986278522487236e-01
-7.0947785632524588e-02
-2.0104173703294627e-02
-3.2842330814581741e-12
 1.8152147495070266e-10
-7.0715285323578708e-02
-2.2373186612540050e-02
-7.7846738635172594e-02
-2.2527701197496142e-02
-7.7614384647615844e-02
-2.4277577732652340e-02
-1.9381859218408601e+00
-1.8416010130893404e-01
-3.8859773390844332e-01
-7.2292294865713091e-02
-2.2038587506978090e-02
-8.1022391998819070e-12
 1.5493375661029763e-10
-7.3316692281949203e-02
-2.2648590491509354e-02
-7.9449556990978790e-02
-2.4186590559522960e-02
-8.0492120762812633e-02
-2.4714177680801530e-02
-2.2355467500644020e+00
-6.0796180375570483e-02
-3.8335811232805056e-01
-7.4071097101068087e-02
-2.3341795167402580e-02
-2.5330420591040773e-11
 1.5124710005307842e-10
-7.4170736910945667e-02
-2.4213272133270757e-02
-8.1299462004356379e-02
-2.5543708279032663e-02
-8.1332580058433454e-02
-2.6573351552282014e-02
-2.2590707820407445e+00
 4.5395404902266630e-02
-3.7519461460399472e-01
 0.0000000000000000e+00
 0.0000000000000000e+00
-6.0169763728870994e-11
 2.3005621603036502e-10
-1.0845339246311932e-02
-3.4909081523873957e-03
 0.0000000000000000e+00
 0.0000000000000000e+00
-8.7222069561428015e-11
 2.5174956045064628e-10
-1.0898030617220089e-02
-3.5514307726476160e-03
 7.3718758426853381e-01
 2.3217190207003933e-02
-3.7344619039793375e-01
-2.1292931668651541e-02
-6.8511189494376290e-03
-7.1533596177284262e-11
 2.5751262759429315e-10
-3.1276585280433672e-02
-1.0107616620798071e-02
-2.1309927124820785e-02
-6.9443037303786401e-03
-3.1259673279942196e-02
-1.0169368409341224e-02
-6.7095209630522144e-03
-1.3146796610347457e-02
-3.7401766647682427e-01
-4.0765329758627795e-02
-1.3197455891190176e-02
-7.1458319646087832e-11
 2.5086598319068937e-10
-4.9782430060452978e-02
-1.6120210010472130e-02
-4.0758671456753819e-02
-1.3250326807620269e-02
-4.9797432947845180e-02
-1.6186962693596540e-02
-7.5518893700200063e-01
 3.1352149956970755e-03
-3.7369672634461071e-01
-5.8341709141671069e-02
-1.8890533652833146e-02
-7.1313817616296922e-11
 2.4516490073173309e-10
-6.6440631654162419e-02
-2.1499340479014705e-02
-5.8370313713083460e-02
-1.8972434168618352e-02
-6.6479992103634658e-02
-2.1609985789384521e-02
-1.5030872507029336e+00
-3.7573473608271436e-03
-3.7376850825618652e-01
-7.4071596945796903e-02
-2.3952129381167378e-02
-7.1097428898748842e-11
 2.4035130916980483e-10
-8.1263531824059390e-02
-2.6240842834139400e-02
-7.4130694586876517e-02
-2.4098762962260080e-02
-8.1309902991985664e-02
-2.6443427623799427e-02
-2.2526247312647807e+00
 1.9076189340449787e-02
-3.7440110276200356e-01
-7.7309131105881460e-02
-2.2856047290012650e-02
 3.3138180933852665e-11
 1.9291851793406670e-10
-8.0753115391370020e-02
-2.5756323342757174e-02
-8.4354437809896557e-02
-2.4675522795449382e-02
 5.6115823189963550e-12
 1.8241859672503773e-10
-8.7047507470451951e-02
-2.7026325289326841e-02
-2.1256445461577389e+00
-1.2630380228205160e+00
-3.9126603652130887e-01
-8.4247991092721117e-02
-2.4729571353757574e-02
-8.1881684275897277e-12
 1.8248386986836578e-10
-8.4055981987341391e-02
-2.6027806444280852e-02
-8.9926249427516897e-02
-2.6787734921499641e-02
-9.0150929534759713e-02
-2.7588009115329909e-02
-2.6979507385486796e+00
-4.1754503677216237e-01
-3.7789246235211371e-01
-8.6189677818464400e-02
-2.6176813302240202e-02
-8.1130463825981273e-12
 1.5503769529515048e-10
-8.7189933785831342e-02
-2.6622656373984910e-02
-9.2298160709034835e-02
-2.8052147358661295e-02
-9.3501363169176829e-02
-2.8334389352983803e-02
-2.9894367123220720e+00
-2.3914182540115650e-01
-3.8113335011664901e-01
-8.8120846822318633e-02
-2.7582634714626856e-02
-2.9673831908432801e-11
 1.5439619943898838e-10
-8.7995852054243803e-02
-2.8781564463062521e-02
-9.4376244803788895e-02
-2.9571659215489876e-02
-9.4213914788933026e-02
-3.0794333523091844e-02
-2.9964949464216817e+00
-2.8077528540600506e-02
-3.7238849624779247e-01
-8.8041586360459362e-02
-2.8387949762850025e-02
-7.0801545311943041e-11
 2.3634961662812498e-10
-8.8007061675947781e-02
-2.8635049050042383e-02
-9.4331602550222868e-02
-3.0442279633051007e-02
-9.4247712001353706e-02
-3.0656970941181694e-02
-2.9964413650231294e+00
-1.7184040948786047e-02
-3.7390906945649993e-01
 0.0000000000000000e+00
 0.0000000000000000e+00
-7.4629200535595384e-11
 1.6990908140912163e-10
-1.0868352022188645e-02
-3.5165641638532918e-03
 0.0000000000000000e+00
 0.0000000000000000e+00
-8.2821755119705342e-11
 1.3952266954670821e-10
-1.0890807576201396e-02
-3.5435111476995575e-03
 7.3910309563905774e-01
 1.1814832450376405e-02
-3.7369492474099558e-01
-2.1307897354975271e-02
-6.8930815991686961e-03
-7.7402644417993712e-11
 1.8966109302696459e-10
-3.1281819525034060e-02
-1.0145373946016421e-02
-2.1306301631036459e-02
-6.9326463807846050e-03
-3.1259645551652553e-02
-1.0162133916218088e-02
-6.5689245371374841e-03
-8.1412263177541386e-03
-3.7391988856147595e-01
-4.0772192383826657e-02
-1.3238360125645422e-02
-7.4327887219754364e-11
 1.9332869727238508e-10
-4.9795595142993754e-02
-1.6170338166471735e-02
-4.0757410081332969e-02
-1.3244764106134795e-02
-4.9792949402856057e-02
-1.6180825997939990e-02
-7.5478943962704848e-01
 3.1593508379593096e-03
-3.7369154831875706e-01
-5.8361606813536977e-02
-1.8953298669695955e-02
-7.1867516554889124e-11
 1.9618001949626639e-10
-6.6463563288286301e-02
-2.1583604241583180e-02
-5.8362271123671386e-02
-1.8965189150912398e-02
-6.6468980255203508e-02
-2.1598936981066377e-02
-1.5021363912286942e+00
-4.3252988077790199e-03
-3.7365294184391423e-01
-7.4093563902760257e-02
-2.4060403908041757e-02
-6.9901975158018001e-11
 1.9841189725708222e-10
-8.1272331630633535e-02
-2.6374817739145975e-02
-7.4116860140033991e-02
-2.4083143171815265e-02
-8.1297798667739896e-02
-2.6421327372652008e-02
-2.2507620347197133e+00
 9.2121220866616445e-03
-3.7394037031873556e-01
-8.8014926024183801e-02
-2.8545535861055796e-02
-6.8314459311091271e-11
 2.0016193464388967e-10
-9.4284229050368359e-02
-3.0592011482730611e-02
-8.8005815679092700e-02
-2.8606909719738050e-02
-9.4254157663417146e-02
-3.0633288490937837e-02
-2.9965232269080779e+00
-1.0708886285767357e-02
-3.7385220611394471e-01
-9.2546653782799818e-02
-2.7988317138653938e-02
-2.2543225037433727e-11
 1.7405622055856230e-10
-9.3306375366490821e-02
-2.8200381405124274e-02
-7.1880293170721569e-12
 1.8127433793371791e-10
-1.0078104449745189e-01
-2.9503210432301127e-02
-3.6954148192618475e-11
 1.6844325331005335e-10
-9.4609584287363796e-02
-2.8635290772358490e-02
-2.3590410547893243e-12
 1.8507365704083788e-10
-9.6030546216483936e-02
-2.9001063816677049e-02
-7.3673761523866910e-12
 1.6962539098532467e-10
-9.9194456826434338e-02
-2.9176637550989145e-02
-9.8807754639475540e-02
-3.0305221624299973e-02
 1.6273409433115003e+00
 3.8960085610924994e-01
 7.3142710497673502e-01
-9.7548893109644680e-02
-2.9682950449686715e-02
-1.0544250659351062e-11
 1.5515020142945305e-10
-9.9507696575565421e-02
-2.9918706795180810e-02
-2.1540606820198399e-11
 1.5609498084928113e-10
-1.0248516220971234e-01
-3.0645501672617415e-02
-1.0135157503106702e-01
-3.0647105016286098e-02
 1.2071848711641373e+00
 3.7858631317077640e-01
-4.1304762945644745e-02
-9.9962773872136479e-02
-3.1321580965181804e-02
-3.2939634214229491e-11
 1.5704484896938869e-10
-1.0001602730099753e-01
-3.2666795474417587e-02
-5.1907594464791551e-11
 1.9500090766771018e-10
-1.0511756998938845e-01
-3.2819230785348319e-02
-1.0500893106301570e-01
-3.1475207247178803e-02
 8.0183940461252834e-01
 3.8539724283990168e-01
 9.5559725482154398e-02
-1.0009217521492268e-01
-3.2323203234415648e-02
-7.0655097782286740e-11
 2.3301487470778429e-10
-1.0004549672244459e-01
-3.2535854638378381e-02
-6.8737073109550143e-11
 2.1743164869793234e-10
-1.0539676558298897e-01
-3.4017567518861376e-02
-1.0535685746458433e-01
-3.4407270565133381e-02
 6.9156147131981205e-01
 3.7432242997408882e-01
-1.5731458260360136e-02
-1.0005879670745159e-01
-3.2476967435544624e-02
-6.6897907151206894e-11
 2.0160919731177718e-10
-1.0005050642614630e-01
-3.2513369020492094e-02
-6.7295929396875906e-11
 1.7149895156529481e-10
-1.0537648056577328e-01
-3.4190634291216306e-02
-1.0537679901231471e-01
-3.4276589390983263e-02
 6.7769235070714340e-01
 3.7373591833704356e-01
 1.6150143438835283e-02
 0.0000000000000000e+00
 0.0000000000000000e+00
-8.9553002045897646e-11
 1.0961106543918711e-10
-1.0876562258006678e-02
-3.5269636489021084e-03
 0.0000000000000000e+00
 0.0000000000000000e+00
-9.4493947222059555e-11
 1.3848882654942193e-10
-1.0888177062032099e-02
-3.5400695115713424e-03
 7.3980400776175970e-01
 6.5541444478755973e-03
-3.7375180555983101e-01
-2.1308496677802054e-02
-6.9089964111527557e-03
-8.7595086129810352e-11
 1.2153286577228931e-10
-3.1275582499739447e-02
-1.0153995312878224e-02
-2.1306414628012253e-02
-6.9275493448555797e-03
-3.1262040307430607e-02
-1.0160012212088539e-02
-6.8249109193686706e-03
-5.0744090656244245e-03
-3.7384382182069376e-01
-4.0767025913035292e-02
-1.3243456710979488e-02
-8.2575192704902475e-11
 1.2610329925187123e-10
-4.9794191892422512e-02
-1.6176013442976145e-02
-4.0759262965138446e-02
-1.3244079918135863e-02
-4.9793527649610383e-02
-1.6179970369437878e-02
-7.5479559533884166e-01
 2.8810341099360258e-03
-3.7373661119873575e-01
-5.8364119582102511e-02
-1.8959949102714872e-02
-7.8490180481134081e-11
 1.3039710106272000e-10
-6.6469730781685998e-02
-2.1594642613788472e-02
-5.8361788019934413e-02
-1.8964353313313698e-02
-6.6467280446379950e-02
-2.1597477569540488e-02
-1.5021002321194854e+00
-3.3343328362874752e-03
-3.7370878209499531e-01
-7.4104639666106850e-02
-2.4076523240180218e-02
-7.4829740759797931e-11
 1.3441109203352208e-10
-8.1281796236794990e-02
-2.6400950953094075e-02
-7.4112920733378884e-02
-2.4080946442345097e-02
-8.1293652975821959e-02
-2.6416338962957631e-02
-2.2501885969977513e+00
 5.3240093736478169e-03
-3.7382211718561981e-01
-8.8010585955114434e-02
-2.8579002915475236e-02
-7.1240908871616327e-11
 1.3820705605390616e-10
-9.4270889894661647e-02
-3.0619059601132811e-02
-8.8005619856665038e-02
-2.8599784586593707e-02
-9.4256219922259077e-02
-3.0628561629874089e-02
-2.9968363519876720e+00
-6.5211925151819495e-03
-3.7378272674001417e-01
-1.0005029623093852e-01
-3.2502464720127425e-02
-6.7781011602159743e-11
 1.4154302291115540e-10
-1.0537045847635529e-01
-3.4223491976799719e-02
-1.0005026663377303e-01
-3.2509159515647951e-02
-7.0686150963415738e-11
 1.2893496656278525e-10
-1.0538109530283417e-01
-3.4250539556598888e-02
 6.7730804714535187e-01
 3.7380294159587912e-01
 1.1502502859840120e-02
-1.0640230045538376e-01
-3.1406082307749862e-02
-2.0025072220089735e-11
 1.7260802815294925e-10
-1.0350878520884628e-01
-3.2083119075961529e-02
-1.1052303603663735e-01
-3.2462272210215443e-02
-3.3167097125155902e-12
 1.7752380332683579e-10
-1.0384490433121576e-01
-2.9829715382120613e-02
-4.7506783577000001e-12
 1.8337764217382540e-10
-1.0602911088554734e-01
-3.2021747335077219e-02
-1.0827842014439686e-01
-3.0519638544609387e-02
-1.0749166833024131e-01
-3.3748975247735048e-02
 8.4404596888528827e-01
 3.5910090935145772e-01
 3.1990133543441351e-01
-1.0733824064172946e-01
-3.1613454465140238e-02
-1.1980740920676046e-11
 1.5597107242698616e-10
-1.0988600953371649e-01
-3.2807173225884945e-02
-1.1184521645765351e-01
-3.2583578990743774e-02
-1.1020047699392423e-01
-3.3162160325859565e-02
 4.4573585050448367e-01
 3.9082044821956685e-01
-2.8997992444918963e-01
-1.1006425337169372e-01
-3.4216132604825714e-02
-3.5961049207812277e-11
 1.5892008506577081e-10
-1.1019782240756885e-01
-3.5984145496387024e-02
-1.1461191812137932e-01
-3.5637771681676637e-02
-1.1424672941379303e-01
-3.3894704182676746e-02
 3.3119486871046225e-02
 3.9586985001499769e-01
-1.0024343547161242e-01
-1.1030212105642223e-01
-3.5583544937911139e-02
-7.0764075127974705e-11
 2.3043145957136104e-10
-1.1022494484500030e-01
-3.5859864202687927e-02
-1.1473362231945453e-01
-3.7054151303789626e-02
-1.1459183976092255e-01
-3.7367179226860135e-02
-5.2601261402615090e-02
 3.8106564739015453e-01
-7.7021308020543050e-02
-1.1026308537249577e-01
-3.5764293962352547e-02
-6.5381265620222400e-11
 2.0291779094221596e-10
-1.1023662451778332e-01
-3.5833624050287255e-02
-1.1467963917680293e-01
-3.7215460964519102e-02
-1.1461559329173550e-01
-3.7274209328554325e-02
-6.6236327696241090e-02
 3.7403485886054844e-01
-2.1092437088562194e-02
-1.1024584095781342e-01
-3.5799747890500250e-02
-6.4185119258284038e-11
 1.4428727808248130e-10
-1.1023919103715837e-01
-3.5824929359041240e-02
-1.1465524313630233e-01
-3.7239741304107433e-02
-1.0537977351945270e-01
-3.4243343432146939e-02
 6.7789812572381547e-01
 3.7378392760692658e-01
 6.6727473410582465e-03
-1.1463097342699011e-01
-3.7256568669664328e-02
-6.8294671467505910e-02
 3.7380794593946171e-01
-8.9275550592540377e-03
 0.0000000000000000e+00
 0.0000000000000000e+00
-8.5924146094625483e-11
 1.1354883439966058e-10
-1.0880175264172370e-02
-3.5320210246720350e-03
 0.0000000000000000e+00
 0.0000000000000000e+00
-8.3302907059369393e-11
 8.6676037232904306e-11
-1.0887042319805541e-02
-3.5383128699581178e-03
 7.4016678038030892e-01
 4.2287546542827551e-03
-3.7376579472607790e-01
-2.1307878195916695e-02
-6.9167911201653718e-03
-8.6280905786584098e-11
 1.1934988911295207e-10
-3.1271437646769012e-02
-1.0157272871563278e-02
-2.1306727609248430e-02
-6.9248213063166720e-03
-3.1263416784718050e-02
-1.0158979343201915e-02
-7.0104529453016750e-03
-3.5594908679839389e-03
-3.7380365003943772e-01
-4.0763726619651115e-02
-1.3244204305045609e-02
-8.6440455833629066e-11
 1.1786761676360632e-10
-4.9792613921444864e-02
-1.6177166443785505e-02
-4.0760216030280891e-02
-1.3243937468817579e-02
-4.9793946051093788e-02
-1.6179486075285840e-02
-7.5475516840416446e-01
 2.4924451399785793e-03
-3.7375820790896408e-01
-5.8363490703367132e-02
-1.8961286767214886e-02
-8.4338714816443314e-11
 1.1700317158643767e-10
-6.6470440777744250e-02
-2.1596308110747340e-02
-5.8362121472720581e-02
-1.8963728290548116e-02
-6.6467304040894820e-02
-2.1596986791969995e-02
-1.5021692578846038e+00
-2.6360634410765491e-03
-3.7374679905494662e-01
-7.4108442251214435e-02
-2.4079013604163473e-02
-8.1134517050418260e-11
 1.1645853200694463e-10
-8.1285807342586891e-02
-2.6407822453966796e-02
-7.4111840534186860e-02
-2.4080477888954285e-02
-8.1292413543557096e-02
-2.6414469344716633e-02
-2.2499416055652737e+00
 3.6905082277226180e-03
-3.7379332285593891e-01
-8.8008987786316759e-02
-2.8588788077905901e-02
-7.7676276057248736e-11
 1.1591073814603438e-10
-9.4266269688560056e-02
-3.0625005436060684e-02
-8.8006148343135582e-02
-2.8596913283331696e-02
-9.4257493196616055e-02
-3.0627163585878209e-02
-2.9971208928109094e+00
-4.3593468261719330e-03
-3.7377037967545712e-01
-1.0004960999173759e-01
-3.2507086135806315e-02
-7.3186178814522370e-11
 1.1623547469206559e-10
-1.0537171729024679e-01
-3.4232817568724039e-02
-1.0004992606467245e-01
-3.2508335116181328e-02
-7.4186838206899069e-11
 9.3488090676477573e-11
-1.1024162239339000e-01
-3.5811500626007457e-02
-7.0081250576802040e-11
 1.1760181058308852e-10
-1.1464726303187850e-01
-3.7246271740602653e-02
-1.1023980897705561e-01
-3.5821277641349715e-02
-1.1463620623204449e-01
-3.7251258282813782e-02
-6.8709377534295749e-02
 3.7381639499386071e-01
-5.1345170575735101e-03
-1.0537862650232716e-01
-3.4240744358887569e-02
 6.7827769640120095e-01
 3.7377351431297978e-01
 4.3337576501734851e-03
-1.1331051576772087e-01
-3.3322967333691035e-02
-1.8065926755370236e-11
 1.7306191592603859e-10
-1.1090510936009490e-01
-3.5137999209233890e-02
-1.1519883145947880e-01
-3.3853880377064383e-02
-3.2598364239172949e-11
 1.6786241393173200e-10
-1.1234597960944272e-01
-3.1036778326056072e-02
-7.8191584686831188e-12
 1.8180679340599247e-10
-1.1394196253742997e-01
-3.4169914453395539e-02
-1.1592066362595833e-01
-3.1765950257929020e-02
-1.1381508025436247e-01
-3.6156656452338710e-02
 1.7029701650242343e-01
 3.3190483356175848e-01
-1.9759490716952210e-02
-1.1584727128868172e-01
-3.3412762379472785e-02
-1.3049655877934307e-11
 1.5685208168310815e-10
-1.1814492284245524e-01
-3.4833237250548647e-02
-1.1934522366084820e-01
-3.4167472792313212e-02
-1.1727521843239970e-01
-3.4941773328447487e-02
-3.1879367288003624e-01
 3.9676014534863718e-01
-2.8605213789002892e-01
-1.1868580753654051e-01
-3.6852021227692461e-02
-3.8927819241049623e-11
 1.6032107307755013e-10
-1.1855652028560146e-01
-3.8633107283893124e-02
-1.2228005605143692e-01
-3.7942908677255770e-02
-1.2157584867171026e-01
-3.5585191935247604e-02
-7.5804806109324996e-01
 4.0216612648991873e-01
-1.0173136581056873e-01
-1.1864895676967779e-01
-3.8357841423818470e-02
-7.1124774487719957e-11
 2.2829551580665705e-10
-1.1856268263694722e-01
-3.8544787896095091e-02
-1.2209126997847096e-01
-3.9465397522480135e-02
-1.2207387517133311e-01
-3.9767439602280491e-02
-8.1528364313278945e-01
 3.8334948255048884e-01
-1.1325658305706620e-02
-1.1860471010103135e-01
-3.8507199701273878e-02
-6.3632657932254374e-11
 2.0407562242868413e-10
-1.1857169650010475e-01
-3.8532401574313348e-02
-1.2206232437686157e-01
-3.9628434275118286e-02
-1.2205006079968113e-01
-3.9680085334865611e-02
-8.1657479906281860e-01
 3.7323103907193705e-01
 1.9315154570274768e-03
-1.1858676198487059e-01
-3.8524153596724404e-02
-6.0832012242936170e-11
 1.4683075437797874e-10
-1.1857533390146655e-01
-3.8529106025196234e-02
-1.2205372417486100e-01
-3.9649139513323217e-02
-1.2205017768521466e-01
-3.9664131837345289e-02
-8.1680398284456268e-01
 3.7339306153934720e-01
 3.4509508085915075e-03
-1.1858101162350038e-01
-3.8527519794040115e-02
-6.5839203626813933e-11
 1.1877678415851640e-10
-1.1857649389289766e-01
-3.8528206458579101e-02
-1.2205097008581460e-01
-3.9653948277960753e-02
-1.1463802233411466e-01
-3.7249360461092833e-02
-6.8898310118942471e-02
 3.7379835158121510e-01
-3.5575246114445502e-03
-1.2205159048540121e-01
-3.9659468004336507e-02
-8.1676508611111354e-01
 3.7367082294226511e-01
 2.7201211912833475e-03
 0.0000000000000000e+00
 0.0000000000000000e+00
-8.0331621038851362e-11
 8.9020807680552471e-11
-1.0881798560726809e-02
-3.5347413056960211e-03
 0.0000000000000000e+00
 0.0000000000000000e+00
-5.1605928984100030e-11
 8.5181776664307497e-11
-1.0886379429616375e-02
-3.5372354459656838e-03
 7.4038647233333510e-01
 3.5786842671457963e-03
-3.7376765823867081e-01
-2.1306998185012145e-02
-6.9210534087000251e-03
-8.7764643392512155e-11
 7.1522222760810851e-11
-3.1268937621553680e-02
-1.0158899521411916e-02
-2.1306999555013747e-02
-6.9231333537101833e-03
-3.1264317988637061e-02
-1.0158364732589829e-02
-7.1505068811171984e-03
-3.0647643246262193e-03
-3.7379417730261671e-01
-4.0762265151152013e-02
-1.3244334211076675e-02
-7.9415075571600314e-11
 7.0290230931523476e-11
-4.9792106123887306e-02
-1.6177986447463912e-02
-4.0760609513866654e-02
-1.3243910245916401e-02
-4.9793923104824424e-02
-1.6179054918903188e-02
-7.5469669380718807e-01
 2.3429206581928224e-03
-3.7376073533674808e-01
-5.8362748008577207e-02
-1.8962442508264277e-02
-7.5210223922762131e-11
 6.9151762347470733e-11
-6.6469929947590267e-02
-2.1596955867733750e-02
-5.8362382081175758e-02
-1.8963110654092716e-02
-6.6467661006310422e-02
-2.1596696840407742e-02
-1.5022378616219492e+00
-2.3923830022260354e-03
-3.7375619974793667e-01
-7.4109713572229216e-02
-2.4079635292907180e-02
-7.3312790871545823e-11
 6.8966826995003641e-11
-8.1287392137666614e-02
-2.6410793668006423e-02
-7.4111498893654509e-02
-2.4080281013485735e-02
-8.1291866277284242e-02
-2.6413324766279753e-02
-2.2497846007103863e+00
 3.2010865909746439e-03
-3.7379279072094457e-01
-8.8007719324189451e-02
-2.8593271307830414e-02
-7.2131767681053218e-11
 7.0533628616544099e-11
-9.4263778406495566e-02
-3.0626998256145822e-02
-8.8006673217371281e-02
-2.8595187589805112e-02
-9.4258496779417916e-02
-3.0626495898998015e-02
-2.9973306876048111e+00
-3.7379677565797377e-03
-3.7377053968713420e-01
-1.0004976413843233e-01
-3.2507973542743533e-02
-7.7900755732005354e-11
 7.1067733279734308e-11
-1.0537316794410900e-01
-3.4236517234633355e-02
-1.0004989691263658e-01
-3.2508190850023225e-02
-5.3680844230809659e-11
 2.9596542166169477e-11
-1.1024028633441747e-01
-3.5816804431298130e-02
-7.2023059077447281e-11
 6.9571246648241123e-11
-1.1464416972737192e-01
-3.7248739816971375e-02
-1.1024028182648211e-01
-3.5819355706677915e-02
-1.0537806938676868e-01
-3.4239481356057026e-02
 6.7852107326331412e-01
 3.7377083228613361e-01
 3.7483571841301581e-03
-1.1857923450785628e-01
-3.8528290668921238e-02
-7.0646916868193946e-11
 7.0698006412017407e-11
-1.2205042666927113e-01
-3.9655727352254061e-02
-1.1857698184931012e-01
-3.8528044631357006e-02
-1.2205207425390648e-01
-3.9657904478824391e-02
-8.1667483968360066e-01
 3.7374393116733634e-01
 2.0166131347088053e-03
-1.1463911133346966e-01
-3.7248535411667685e-02
-6.9029482346782897e-02
 3.7379920028903246e-01
-3.0315282117021093e-03
-1.1638415244771196e-01
-3.4200264031695939e-02
-1.5600095776535759e-11
 1.7179175397305741e-10
-1.1623636488043278e-01
-3.6872209470829004e-02
-1.1700196030656911e-01
-3.4392402805882613e-02
 1.1290314938010438e-12
 1.7663687489978612e-10
-1.1912721672903964e-01
-3.2271721796724044e-02
-9.8131698035928127e-12
 1.8099330715784055e-10
-1.2015420311613341e-01
-3.5603196004854072e-02
-1.2178927499109829e-01
-3.3044283053041988e-02
-1.1826636447356619e-01
-3.7158265643531203e-02
-4.5835434362555638e-01
 3.2618248581476739e-01
-4.1570064156799680e-01
-1.2237384515510238e-01
-3.4810291047645117e-02
-1.4176650317903739e-11
 1.5750059098102635e-10
-1.2451588727921323e-01
-3.6181087906270920e-02
-1.2492714651737781e-01
-3.5387772390078689e-02
-1.2261782365269688e-01
-3.6025338165629160e-02
-1.0879860060567650e+00
 3.9878452888282651e-01
-2.8093697292253278e-01
-1.2543354097883427e-01
-3.8829564719755759e-02
-4.1891622571322201e-11
 1.6130340986873617e-10
-1.2512410577559749e-01
-4.0775341859338378e-02
-1.2810997469011942e-01
-3.9587403200376105e-02
-1.2696983823218652e-01
-3.6592044904172387e-02
-1.5625067471442551e+00
 4.0850996783817167e-01
-1.2767522076586735e-01
-1.2506926381565625e-01
-4.0429427452540467e-02
-7.1906505653778488e-11
 2.2651823881043983e-10
-1.2507346910349207e-01
-4.0660194389721592e-02
-1.2760065209671184e-01
-4.1205219574260495e-02
-1.2770381441622772e-01
-4.1646473725048046e-02
-1.5813379374871508e+00
 3.8446647970451275e-01
 3.6013301277005166e-02
-1.2506134951821457e-01
-4.0603913226396719e-02
-6.1485463810686292e-11
 2.0517128461401001e-10
-1.2506286590758947e-01
-4.0642655850102807e-02
-1.2760285712944347e-01
-4.1422135413524179e-02
-1.2762860618140645e-01
-4.1499051598933537e-02
-1.5660497840152634e+00
 3.7332486032254625e-01
 2.0212159175683397e-03
-1.2506301055196326e-01
-4.0626182029546785e-02
-5.7437531842207247e-11
 1.4922585486293948e-10
-1.2506219014444531e-01
-4.0638074290633978e-02
-1.2761121318903385e-01
-4.1454262149887601e-02
-1.2761070065849697e-01
-4.1471230513315166e-02
-1.5641626054856530e+00
 3.7341644358888670e-01
-8.7937385420165117e-04
-1.2506215781403723e-01
-4.0631481065018245e-02
-6.1615055154858717e-11
 1.1957727377152740e-10
-1.2506256945412189e-01
-4.0636358525337014e-02
-1.2761148634363939e-01
-4.1460353996029597e-02
-1.2760879917924453e-01
-4.1465225916096485e-02
-1.5640741500144559e+00
 3.7369878895317571e-01
-4.7567092106436983e-04
-1.2506156289797565e-01
-4.0633761953043031e-02
-6.8664408999357853e-11
 7.4472499983821418e-11
-1.2506271801794033e-01
-4.0635436547492083e-02
-1.2761060194168911e-01
-4.1462191145025008e-02
-1.2205208113067874e-01
-3.9657264981746425e-02
-8.1658101962082430e-01
 3.7374502194518233e-01
 1.7856359592368384e-03
-1.2760924764739351e-01
-4.1463645914073179e-02
-1.5641151649637588e+00
 3.7377244147687083e-01
-2.2202095540853732e-04
 0.0000000000000000e+00
 0.0000000000000000e+00
 5.9147104624578508e-11
 1.0799504536448066e-10
-1.0885058705750690e-02
-3.5367700550481178e-03
-1.6319703000774512e-10
 3.5339193451091209e-11
-2.1306931238869588e-02
-6.9230418062322437e-03
 3.4936690665753149e-11
 1.0174363970529999e-10
-3.1265605265266776e-02
-1.0158811245963024e-02
 2.3724855366570252e-10
 1.5528908935478239e-10
-4.0761050887098887e-02
-1.3244068659842354e-02
 1.8698806820252723e-11
 7.0955307893382118e-11
-4.9793307469425431e-02
-1.6178826838353363e-02
-2.0340842508954870e-10
-2.4296546623359142e-12
-5.8362401878434909e-02
-1.8963094510850674e-02
-3.9373461468312651e-12
 5.9858826906923675e-11
-6.6468299256908114e-02
-2.1596860351536410e-02
 1.9852910721493833e-10
 1.1292849450188500e-10
-7.4110974885107150e-02
-2.4080116328480734e-02
-1.9773740460976476e-11
 2.7834840851965562e-11
-8.1290460923151592e-02
-2.6412872891140065e-02
-2.4156767049097273e-10
-4.6514369887920890e-11
-8.8006778179924292e-02
-2.8595136800731127e-02
-4.1705716730645474e-11
 1.4571122968453092e-11
-9.4259894722483001e-02
-3.0626897681611098e-02
 1.6971449804599706e-10
 6.9187778955551372e-11
-1.0004980322987010e-01
-3.2508153155056951e-02
 0.0000000000000000e+00
 0.0000000000000000e+00
-1.0537651826349251e-01
-3.4238907952355756e-02
-2.7348193157814701e-10
-8.0715337324019180e-11
-1.1024005681184167e-01
-3.5819167593404776e-02
-6.8128433854567769e-11
-7.4272491122056661e-12
-1.1464040538976189e-01
-3.7248927696610458e-02
 1.2320260832596061e-10
 5.0809862833555598e-11
-1.1857753966930523e-01
-3.8528180357342408e-02
-8.9048824998527133e-11
-2.3804302433068632e-11
-1.2205148372864895e-01
-3.9656933399075403e-02
-3.0464411257951792e-10
-8.8127137595179591e-11
-1.2506225013955374e-01
-4.0635190906623250e-02
-1.1565199934216925e-10
-2.2691549366557318e-11
-1.2760982010239202e-01
-4.1462946771615536e-02
 7.6216076943587717e-11
 3.3892740951640176e-11
-1.2760960752647044e-01
-4.1462898879930703e-02
-1.5641284819221704e+00
 3.7380298435651910e-01
-1.6177746082135611e-04
-1.1717981408271923e-01
-3.4391356634554206e-02
-1.3622806595760528e-11
 1.7218390588077431e-10
-1.1991272811536698e-01
-3.7170406574970664e-02
-1.1692358196986787e-01
-3.4403518338195396e-02
-2.8143972757013109e-11
 1.6694605183201419e-10
-1.2403243196013054e-01
-3.3572671988097734e-02
-1.1171341680186532e-11
 1.8079336167572066e-10
-1.2462597239104536e-01
-3.6341462333715512e-02
-1.2564262605750914e-01
-3.4364696897772627e-02
-1.2130086330204518e-01
-3.6756559226041957e-02
-1.0946430195293133e+00
 3.5583620592124077e-01
-8.3631837005913878e-01
-1.2702765510016714e-01
-3.5884567769174633e-02
-1.4888590001450161e-11
 1.5812406720772650e-10
-1.2892406817379343e-01
-3.6851929205043606e-02
-1.2864875807346546e-01
-3.6335966565416003e-02
-1.2623760000270237e-01
-3.6415548129540502e-02
-1.8575010800111020e+00
 3.9770566231393872e-01
-3.1056108328261267e-01
-1.3032495711727210e-01
-4.0116261011042556e-02
-4.5204639520702808e-11
 1.6181062962145963e-10
-1.2980279959791408e-01
-4.2388884072194002e-02
-1.3200270868582281e-01
-4.0528879072603212e-02
-1.3040297701868866e-01
-3.6931052014997710e-02
-2.3776110781936080e+00
 4.1501155714285320e-01
-1.9774395029750150e-01
-1.2967401445343538e-01
-4.1840890880072777e-02
-7.3183438336939105e-11
 2.2499689332819852e-10
-1.2971971986971748e-01
-4.2182319709263262e-02
-1.3130127108213557e-01
-4.2302949919394282e-02
-1.3142607019167077e-01
-4.2975659873890959e-02
-2.3442324508145282e+00
 3.8309557348533319e-01
 7.9999683835036847e-02
-1.2968171258867309e-01
-4.2093992770668498e-02
-5.8793153077408275e-11
 2.0621909562094478e-10
-1.2969592072030212e-01
-4.2147589258961948e-02
-1.3130058217651602e-01
-4.2609350314422374e-02
-1.3134258236451954e-01
-4.2721285814682895e-02
-2.3155257095722122e+00
 3.7388622307229308e-01
 4.4473035570200339e-03
-1.2969570044838447e-01
-4.2132498574991330e-02
-5.3752796258280736e-11
 1.5167931999977269e-10
-1.2969255846770553e-01
-4.2141654947481823e-02
-1.3131513927305299e-01
-4.2660048511111416e-02
-1.3131835809208245e-01
-4.2674728982762151e-02
-2.3116996506668905e+00
 3.7357929290528236e-01
-3.4484051919008011e-03
-1.2969718857222087e-01
-4.2138670197567604e-02
-5.8193713303336410e-11
 1.1956981503272095e-10
-1.2969291003686795e-01
-4.2140500777090008e-02
-1.3131779838604452e-01
-4.2667076266139539e-02
-1.3131421596803430e-01
-4.2667429638193768e-02
-2.3114378908760860e+00
 3.7368208279435383e-01
-2.5025542441391674e-03
-1.2969616523556204e-01
-4.2140016328898938e-02
-6.4307390305148260e-11
 8.1437158923280562e-11
-1.2969339114748030e-01
-4.2140015926710676e-02
-1.3131737504498153e-01
-4.2667485051894397e-02
-1.3131414243876613e-01
-4.2666678679850488e-02
-2.3115597932175986e+00
 3.7373658351657524e-01
-1.4403439288625201e-03
-1.2969418509060635e-01
-4.2140198223604881e-02
-1.3551363566859408e-10
-4.2327116058197093e-11
-1.3131535940572348e-01
-4.2666949909440012e-02
-3.5065887634227168e-10
-1.0803505552341998e-10
-1.3131444380170593e-01
-4.2666731437751855e-02
-2.3116729905139852e+00
 3.7375247533422112e-01
-1.0903040623454099e-03
-1.1641129287387662e-01
-3.3935036929264119e-02
-1.1076788834123502e-11
 1.7064090012794131e-10
-1.2242879314822429e-01
-3.6213585539154373e-02
-1.1569129238295882e-01
-3.4237664150173097e-02
-7.6160324886134962e-12
 1.7111862916516447e-10
-1.2669199754052263e-01
-3.4877689082231544e-02
-1.2318577584964115e-11
 1.8106780085654258e-10
-1.2743687419468522e-01
-3.6381115613636023e-02
-1.2716702823255258e-01
-3.5481899491404512e-02
-1.2337233537729253e-01
-3.5194413421508655e-02
-1.8204330901485370e+00
 4.9504918710632240e-01
-9.3934466413041484e-01
-1.2977945743996777e-01
-3.6722564744485299e-02
-1.4689172970782938e-11
 1.5891776473664495e-10
-1.3141344647881778e-01
-3.6887316951048563e-02
-1.3048053879193527e-01
-3.6936076598127157e-02
-1.2821710150751592e-01
-3.6166908504746763e-02
-2.6464252953036649e+00
 4.0812690861436479e-01
-2.6192674717635028e-01
-1.3313943073827503e-01
-4.0660116962173032e-02
-4.9254104149858640e-11
 1.6181326887240150e-10
-1.3256256814394349e-01
-4.3426002008583944e-02
-1.3363715222769382e-01
-4.0641015790309917e-02
-1.3198206880909275e-01
-3.6733792755649877e-02
-3.2141992639925694e+00
 4.2480056652706821e-01
-2.9873917527669697e-01
-1.3247352202103732e-01
-4.2625668840837141e-02
-7.5029273953540282e-11
 2.2361540609328658e-10
-1.3249970272446263e-01
-4.3105399425542361e-02
-1.3320946233806882e-01
-4.2802769550390751e-02
-1.3321728000834604e-01
-4.3691601513211401e-02
-3.0974477201832133e+00
 3.7679409537949871e-01
 1.2619671581090133e-01
-1.3245525083180859e-01
-4.2978442108480286e-02
-5.5427920388894794e-11
 2.0716512635952455e-10
-1.3247987866512784e-01
-4.3050475094499510e-02
-1.3316313406229252e-01
-4.3190475964919234e-02
-1.3318049832780868e-01
-4.3339390101419267e-02
-3.0653579057898370e+00
 3.7455613872652044e-01
 2.5488190707433193e-02
-1.3246716148655446e-01
-4.3036980606270800e-02
-4.9366834289511665e-11
 1.5457756270105782e-10
-1.3247481388589413e-01
-4.3042858454502578e-02
-1.3316176535542928e-01
-4.3256653599183487e-02
-1.3317365087995969e-01
-4.3279711814800829e-02
-3.0605459125839722e+00
 3.7411566318695216e-01
 7.1620476972634045e-03
-1.3247191308618353e-01
-4.3044228281823915e-02
-5.6719922905092960e-11
 1.1804947432422263e-10
-1.3247353875879861e-01
-4.3042620369164376e-02
-1.3316456704965995e-01
-4.3267133452424854e-02
-1.3317080579216017e-01
-4.3270457060439659e-02
-3.0596028277653309e+00
 3.7385585036360269e-01
 2.5349300935891251e-03
-1.3247333488895166e-01
-4.3043868952061221e-02
-5.5421121042297928e-11
 9.2297345120566130e-11
-1.3247315330670839e-01
-4.3043132560071778e-02
-1.3316640576103975e-01
-4.3268475214643866e-02
-1.3316938083337396e-01
-4.3269235594156082e-02
-3.0593319831442467e+00
 3.7377607406593022e-01
 1.0965080276831270e-03
-1.3247334697695146e-01
-4.3043203105799129e-02
-1.6124318822082477e-10
-4.3903093669515413e-11
-1.3316813855893445e-01
-4.3268954808682869e-02
 3.1124003882281558e-11
 1.1145071602173971e-11
-1.3316872249883985e-01
-4.3269202049101792e-02
-3.0592167292426931e+00
 3.7374997810804905e-01
 7.4315103505152424e-04
-1.1594808166372825e-01
-3.2458910375689057e-02
-4.2556114246448155e-11
 1.6108665275442689e-10
-1.2378157403754873e-01
-3.4602894233844154e-02
-1.6465799931210634e-11
 1.7432697076823275e-10
-1.2731904350019052e-01
-3.5701607147327299e-02
-9.3391316617943804e-12
 1.8185399117936807e-10
-1.2851589590353590e-01
-3.5866004982428520e-02
-1.1723336480089820e-11
 1.7095444320708229e-10
-1.3074528094480095e-01
-3.7084885787166150e-02
-1.4836326571702086e-11
 1.5984890128201640e-10
-1.3214362938608459e-01
-3.6524084974634878e-02
-3.3712093443751133e-11
 1.6094938510493688e-10
-1.3347374177139706e-01
-4.0275018887810425e-02
-5.3356314882317611e-11
 1.6146416360253967e-10
-1.3337054031942600e-01
-4.3787676513304050e-02
-6.7180119403635089e-11
 1.9127369481427213e-10
-1.3352638216033091e-01
-4.2854628487367201e-02
-7.7210452106845059e-11
 2.2238940294704182e-10
-1.3337609675226814e-01
-4.3414245121387779e-02
-6.3568467314150137e-11
 2.1540535638217974e-10
-1.3343520909330275e-01
-4.3264669444017419e-02
-5.1541112646380611e-11
 2.0823447883116083e-10
-1.3339557978051572e-01
-4.3356180410775373e-02
-4.7962394294139035e-11
 1.8267739806806786e-10
-1.3340411122666920e-01
-4.3330003179230185e-02
-4.5862457459010432e-11
 1.5656918422727434e-10
-1.3340040172689341e-01
-4.3346706048461026e-02
-4.8812431034625230e-11
 1.3810355013160326e-10
-1.3339826695492896e-01
-4.3341028943278924e-02
-4.9511517667632836e-11
 1.1994723229783430e-10
-1.3340075001289828e-01
-4.3344928295773258e-02
-6.0136001056506217e-11
 1.0574930186011808e-10
-1.3339809064441438e-01
-4.3343203709858412e-02
-8.3735607586145291e-11
 8.9078890178196453e-11
-1.3340050173095105e-01
-4.3344480777372858e-02
-5.3863057341139969e-11
 3.7991830489350679e-11
-1.3339973448263248e-01
-4.3344205125626388e-02
 0.0000000000000000e+00
 0.0000000000000000e+00
 oy !
