time = 0.000000

-1.5162606808912389e-39 -0.0000000000000000e+00
 3.0325213618507102e-39 -0.0000000000000000e+00
 3.0325213618507722e-39 -0.0000000000000000e+00
-1.5162606808912705e-39 -0.0000000000000000e+00
-1.0613824766784531e-38 -0.0000000000000000e+00
-1.0613824766784762e-38 -0.0000000000000000e+00
 3.9422777706242799e-38 -0.0000000000000000e+00
 3.9422777706243426e-38 -0.0000000000000000e+00
-1.4707728606173435e-37 -0.0000000000000000e+00
-1.4707728606173698e-37 -0.0000000000000000e+00
 5.4888636655393158e-37 -0.0000000000000000e+00
 5.4888636655394235e-37 -0.0000000000000000e+00
-2.0484681802033925e-36 -0.0000000000000000e+00
-2.0484681802034289e-36 -0.0000000000000000e+00
 7.6449863544440039e-36 -0.0000000000000000e+00
 7.6449863544441336e-36 -0.0000000000000000e+00
-2.8531477238260677e-35 -0.0000000000000000e+00
-2.8531477238261147e-35 -0.0000000000000000e+00
 1.0648092260116687e-34 -0.0000000000000000e+00
 1.0648092260116839e-34 -0.0000000000000000e+00
-3.9739221317598908e-34 -0.0000000000000000e+00
-3.9739221317599524e-34 -0.0000000000000000e+00
 1.4830879301385544e-33 -0.0000000000000000e+00
 1.4830879301385794e-33 -0.0000000000000000e+00
-5.5349595075117092e-33 -0.0000000000000000e+00
-5.5349595075117933e-33 -0.0000000000000000e+00
 2.0656750100406431e-32 -0.0000000000000000e+00
 2.0656750100406735e-32 -0.0000000000000000e+00
-7.7092040895973134e-32 -0.0000000000000000e+00
-7.7092040895974229e-32 -0.0000000000000000e+00
 2.8771141349042529e-31 -0.0000000000000000e+00
 2.8771141349042888e-31 -0.0000000000000000e+00
-1.0737536130916196e-30 -0.0000000000000000e+00
-1.0737536130916332e-30 -0.0000000000000000e+00
 4.0073030389726935e-30 -0.0000000000000000e+00
 4.0073030389727404e-30 -0.0000000000000000e+00
-1.4955458543159802e-29 -0.0000000000000000e+00
-1.4955458543160010e-29 -0.0000000000000000e+00
 5.5814531135012534e-29 -0.0000000000000000e+00
 5.5814531135013207e-29 -0.0000000000000000e+00
-2.0830266600191370e-28 -0.0000000000000000e+00
-2.0830266600191608e-28 -0.0000000000000000e+00
 7.7739613289138956e-28 -0.0000000000000000e+00
 7.7739613289139961e-28 -0.0000000000000000e+00
-2.9012818656336189e-27 -0.0000000000000000e+00
-2.9012818656336430e-27 -0.0000000000000000e+00
 1.0827731329904176e-26 -0.0000000000000000e+00
 1.0827731329904285e-26 -0.0000000000000000e+00
-4.0409643454957589e-26 -0.0000000000000000e+00
-4.0409643454958054e-26 -0.0000000000000000e+00
 1.5081084249356309e-25 -0.0000000000000000e+00
 1.5081084249356460e-25 -0.0000000000000000e+00
-5.6283372653286792e-25 -0.0000000000000000e+00
-5.6283372653287315e-25 -0.0000000000000000e+00
 2.1005240636885672e-24 -0.0000000000000000e+00
 2.1005240636885830e-24 -0.0000000000000000e+00
-7.8392625284104411e-24 -0.0000000000000000e+00
-7.8392625284105057e-24 -0.0000000000000000e+00
 2.9256526050658716e-23 -0.0000000000000000e+00
 2.9256526050659057e-23 -0.0000000000000000e+00
-1.0918684167685769e-22 -0.0000000000000000e+00
-1.0918684167685854e-22 -0.0000000000000000e+00
 4.0749084066659838e-22 -0.0000000000000000e+00
 4.0749084066660186e-22 -0.0000000000000000e+00
-1.5207765210262105e-21 -0.0000000000000000e+00
-1.5207765210262233e-21 -0.0000000000000000e+00
 5.6756152435751216e-21 -0.0000000000000000e+00
 5.6756152435751577e-21 -0.0000000000000000e+00
-2.1181684453785065e-20 -0.0000000000000000e+00
-2.1181684453785215e-20 -0.0000000000000000e+00
 7.9051122573471528e-20 -0.0000000000000000e+00
 7.9051122573472021e-20 -0.0000000000000000e+00
-2.9502280584721609e-19 -0.0000000000000000e+00
-2.9502280584721831e-19 -0.0000000000000000e+00
 1.1010401008419441e-18 -0.0000000000000000e+00
 1.1010401008419500e-18 -0.0000000000000000e+00
-4.1091375976196551e-18 -0.0000000000000000e+00
-4.1091375976196744e-18 -0.0000000000000000e+00
 1.5335510290006511e-17 -0.0000000000000000e+00
 1.5335510290006557e-17 -0.0000000000000000e+00
-5.7232903563786649e-17 -0.0000000000000000e+00
-5.7232903563786748e-17 -0.0000000000000000e+00
 2.1359610397029091e-16 -0.0000000000000000e+00
 2.1359610397029145e-16 -0.0000000000000000e+00
-7.9715151233660183e-16 -0.0000000000000000e+00
-7.9715151233660499e-16 -0.0000000000000000e+00
 2.9750099454478574e-15 -0.0000000000000000e+00
 2.9750099454478638e-15 -0.0000000000000000e+00
-1.1102888269722582e-14 -0.0000000000000000e+00
-1.1102888269722597e-14 -0.0000000000000000e+00
 4.1436543134441735e-14 -0.0000000000000000e+00
 4.1436543134441773e-14 -0.0000000000000000e+00
-1.5464328427177387e-13 -0.0000000000000000e+00
-1.5464328427177374e-13 -0.0000000000000000e+00
 5.7713659396657082e-13 -0.0000000000000000e+00
 5.7713659396657113e-13 -0.0000000000000000e+00
-2.1539030916464525e-12 -0.0000000000000000e+00
-2.1539030916464582e-12 -0.0000000000000000e+00
 8.0384757728131044e-12 -5.0000000000458299e-12
 8.0384757728130898e-12 -5.0000000000458274e-12
 1.0000000000000000e+00  0.0000000000000000e+00
 1.0000000000000000e+00  0.0000000000000000e+00
 oy !
time = 0.000000

-1.1751020226982843e-38 -5.9214972026633519e-50
 2.3502040456238658e-38  1.1843038391397365e-49
 2.3502040456238742e-38  1.1843091174682160e-49
-1.1751020226982886e-38 -5.9215049002257177e-50
-8.2257141607063674e-38 -4.1450995055670258e-49
-8.2257141607064082e-38 -4.1451206188809386e-49
 3.0552652600383861e-37  1.5396025564858128e-48
 3.0552652600383861e-37  1.5395997413772889e-48
-1.1398489625264819e-36 -5.7439249075861080e-48
-1.1398489625264854e-36 -5.7439249075861117e-48
 4.2538693245430463e-36  2.1435722664425188e-47
 4.2538693245430644e-36  2.1435857789634257e-47
-1.5875628337291334e-35 -8.0000249439600669e-47
-1.5875628337291382e-35 -8.0000249439600678e-47
 5.9248644030763867e-35  2.9856545526092290e-46
 5.9248644030764027e-35  2.9856401392535965e-46
-2.2111894780868476e-34 -1.1142561665957312e-45
-2.2111894780868536e-34 -1.1142446359112243e-45
 8.2522714728951869e-34  4.1584664177998182e-45
 8.2522714728951920e-34  4.1584837138265756e-45
-3.0797896416686242e-33 -1.5519471136389428e-44
-3.0797896416686320e-33 -1.5519448075020424e-44
 1.1493931420576407e-32  5.7919827467057885e-44
 1.1493931420576452e-32  5.7919735221581862e-44
-4.2895936045083506e-32 -2.1616029995922234e-43
-4.2895936045083615e-32 -2.1616066894112655e-43
 1.6008981277635216e-31  8.0672284829744834e-43
 1.6008981277635249e-31  8.0671694458698112e-43
-5.9746331512225682e-31 -3.0106857084563613e-42
-5.9746331512225778e-31 -3.0106739010354259e-42
 2.2297634479438128e-30  1.1236295983992342e-41
 2.2297634479438142e-30  1.1236272369150467e-41
-8.3215904775155671e-30 -4.1933630382074200e-41
-8.3215904775155811e-30 -4.1933819300809161e-41
 3.1056598465337706e-29  1.5649952436060735e-40
 3.1056598465337757e-29  1.5650065787301717e-40
-1.1590480339584963e-28 -5.8406418368225281e-40
-1.1590480339585001e-28 -5.8406871773189192e-40
 4.3256261516289920e-28  2.1797383184949076e-39
 4.3256261516290018e-28  2.1797352957951486e-39
-1.6143456574230864e-27 -8.1350281344863071e-39
-1.6143456574230898e-27 -8.1349193172949789e-39
 6.0248200151539644e-27  3.0359899655588179e-38
 6.0248200151539859e-27  3.0359851292392015e-38
-2.2484934405523563e-26 -1.1330665010530071e-37
-2.2484934405523549e-26 -1.1330587629416222e-37
 8.3914917615638491e-26  4.2285528705132306e-37
 8.3914917615638629e-26  4.2285296561790817e-37
-3.1317473608949331e-25 -1.5781228165697293e-36
-3.1317473608949437e-25 -1.5781259118142835e-36
 1.1687840268634880e-24  5.8898294320121833e-36
 1.1687840268634904e-24  5.8898170510339699e-36
-4.3619613718166092e-24 -2.1980594434035649e-35
-4.3619613718166165e-24 -2.1980743005774210e-35
 1.6279061462090416e-23  8.2032201636740426e-35
 1.6279061462090428e-23  8.2032003541088957e-35
-6.0754284482842624e-23 -3.0614494353467755e-34
-6.0754284482842730e-23 -3.0614415115207219e-34
 2.2673807649278313e-22  1.1425903611626783e-33
 2.2673807649278421e-22  1.1425903611626790e-33
-8.4619802157600603e-22 -4.2640516855340476e-33
-8.4619802157600679e-22 -4.2640453464732000e-33
 3.1580540101385927e-21  1.5914085471476066e-32
 3.1580540101385987e-21  1.5914262965179745e-32
-1.1786018020200075e-20 -5.9391117474113851e-32
-1.1786018020200099e-20 -5.9391218899087359e-32
 4.3986018075221255e-20  2.2165251434942343e-31
 4.3986018075221243e-20  2.2165332574921149e-31
-1.6415805429770096e-19 -8.2722857529606435e-31
-1.6415805429770116e-19 -8.2722857529606435e-31
 6.1264619917908802e-19  3.0872723350320871e-30
 6.1264619917908869e-19  3.0872268966439482e-30
-2.2864267426556600e-18 -1.1521721204068708e-29
-2.2864267426556646e-18 -1.1521695239275489e-29
 8.5330607723280546e-18  4.2999359324508728e-29
 8.5330607723280639e-18  4.2999359324508734e-29
-3.1845816349957617e-17 -1.6047530065727464e-28
-3.1845816349957648e-17 -1.6047322347381677e-28
 1.1885020463982217e-16  5.9890765941827231e-28
 1.1885020463982215e-16  5.9891430640533711e-28
-4.4355500225530927e-16 -2.2351358114913107e-27
-4.4355500225530882e-16 -2.2351258410107118e-27
 1.6553698045530047e-15  8.3417427692134074e-27
 1.6553698045530053e-15  8.3416364174203692e-27
-6.1779242165971073e-15 -3.1131722266582208e-26
-6.1779242165971168e-15 -3.1131775442478741e-26
 2.3056327064225354e-14  1.1618444171648628e-25
 2.3056327064225366e-14  1.1618507982724454e-25
-8.6047384049223760e-14 -4.3360476837784643e-25
-8.6047384049223798e-14 -4.3360732082087958e-25
 3.2113320916595757e-13  1.6182488829351689e-24
 3.2113320916595762e-13  1.6182454796777909e-24
-1.1984854527388401e-12 -6.0393933158058612e-24
-1.1984854527388389e-12 -6.0393797027763494e-24
 4.4728086022530374e-12  2.2539256315140732e-23
 4.4728086022530382e-12  2.2539310767258794e-23
-1.6692748958003636e-11 -8.4116978519340691e-23
-1.6692748958003691e-11 -8.4116107285452145e-23
 6.2298187236219287e-11  1.7099054106474467e-22
 6.2298187236219209e-11  1.7098923421391165e-22
 1.0000000000000000e+00  0.0000000000000000e+00
 1.0000000000000000e+00  0.0000000000000000e+00
 oy !
time = 0.000000

-7.9236463575944735e-38 -3.4146564822508089e-48
 1.5847292725282941e-37  6.8293129645016203e-48
 1.5847292725282971e-37  6.8293196448861061e-48
-7.9236463575944881e-38 -3.4146584863661530e-48
-5.5465524583913268e-37 -2.3902624101408991e-47
-5.5465524583913435e-37 -2.3902629445716557e-47
 2.0601480575168665e-36  8.8781027120137400e-47
 2.0601480575168631e-36  8.8780941611215951e-47
-7.6859369894771877e-36 -3.3122171418436636e-46
-7.6859369894771984e-36 -3.3122162867544518e-46
 2.8683599919974239e-35  1.2361067060837721e-45
 2.8683599919974319e-35  1.2361073901551435e-45
-1.0704846276350030e-34 -4.6132008347046508e-45
-1.0704846276350045e-34 -4.6132008347046514e-45
 3.9951025140676665e-34  1.7216713734519103e-44
 3.9951025140676717e-34  1.7216713734519105e-44
-1.4909925438814445e-33 -6.4253587064377590e-44
-1.4909925438814467e-33 -6.4253608954661421e-44
 5.5644599279178016e-33  2.3979825292351047e-43
 5.5644599279177995e-33  2.3979803402067164e-43
-2.0766847181966917e-32 -8.9493609730651425e-43
-2.0766847181966947e-32 -8.9493679779559844e-43
 7.7502928852859929e-32  3.3399529660711144e-42
 7.7502928852860170e-32  3.3399543670492834e-42
-2.8924486842693606e-31 -1.2464872614777062e-41
-2.8924486842693659e-31 -1.2464869812820726e-41
 1.0794765455918267e-30  4.6519524884233623e-41
 1.0794765455918288e-30  4.6519513676408291e-41
-4.0286613166906783e-30 -1.7361333900041131e-40
-4.0286613166906846e-30 -1.7361329416910986e-40
 1.5035168731435209e-29  6.4793406648174363e-40
 1.5035168731435223e-29  6.4793460445735956e-40
-5.6112013647356847e-29 -2.4181186231216259e-39
-5.6112013647356948e-29 -2.4181207750240915e-39
 2.0941288600095523e-28  9.0245567445984612e-39
 2.0941288600095563e-28  9.0245481369886051e-39
-7.8153953089000928e-28 -3.3679970633514437e-38
-7.8153953089001188e-28 -3.3679970633514458e-38
 2.9167452395503009e-27  1.2569577912357859e-37
 2.9167452395503066e-27  1.2569580207720491e-37
-1.0885441434742524e-26 -4.6910307699992139e-37
-1.0885441434742543e-26 -4.6910270974190091e-37
 4.0625020527153889e-26  1.7507178831400616e-36
 4.0625020527154016e-26  1.7507189849141233e-36
-1.5161464077737852e-25 -6.5337522962074083e-36
-1.5161464077737833e-25 -6.5337537652394848e-36
 5.6583354296864483e-25  2.4384363651519625e-35
 5.6583354296864556e-25  2.4384387156032967e-35
-2.1117195325388401e-24 -9.1003223405412049e-35
-2.1117195325388460e-24 -9.1003317423465386e-35
 7.8810445925669886e-24  3.3962931149519650e-34
 7.8810445925669989e-24  3.3962949953130316e-34
-2.9412458857808557e-23 -1.2675198046856539e-33
-2.9412458857808592e-23 -1.2675175482523739e-33
 1.0976879091360490e-22  4.7304303514923308e-33
 1.0976879091360490e-22  4.7304378729365928e-33
-4.0966270507628113e-22 -1.7654231687060729e-32
-4.0966270507628160e-22 -1.7654213635594507e-32
 1.5288820304352642e-21  6.5886419678019133e-32
 1.5288820304352708e-21  6.5886431712330002e-32
-5.7058654205600949e-21 -2.4589168169407663e-31
-5.7058654205600956e-21 -2.4589148914510338e-31
 2.1294579666342575e-20  9.1768166697540984e-31
 2.1294579666342599e-20  9.1768012658362449e-31
-7.9472453299064856e-20 -3.4248239146416078e-30
-7.9472453299064988e-20 -3.4248231444457128e-30
 2.9659523373239847e-19  1.2781638060212666e-29
 2.9659523373239827e-19  1.2781641140996229e-29
-1.1069084823861973e-18 -4.7701546559978326e-29
-1.1069084823861985e-18 -4.7701583529381183e-29
 4.1310386986325893e-18  1.7802551862652590e-28
 4.1310386986325932e-18  1.7802581438174878e-28
-1.5417246322669308e-17 -6.6439932027896534e-28
-1.5417246322669339e-17 -6.6439892593866856e-28
 5.7537946631324854e-17  2.4795731426803698e-27
 5.7537946631324903e-17  2.4795715653191816e-27
-2.1473454034922615e-16 -9.2538701815351361e-27
-2.1473454034922634e-16 -9.2538764909798889e-27
 8.0140021531268398e-16  3.4535957270337633e-26
 8.0140021531268408e-16  3.4535969889227107e-26
-2.9908663229433326e-15 -1.2888991788842451e-25
-2.9908663229433295e-15 -1.2888991788842444e-25
 1.1162065084080811e-14  4.8102429475227836e-25
 1.1162065084080814e-14  4.8102368904558223e-25
-4.1657394041818847e-14 -1.7952044092516602e-24
-4.1657394041818916e-14 -1.7952068320784461e-24
 1.5546751118932972e-13  6.6998009135880513e-24
 1.5546751118932979e-13  6.6997879918451976e-24
-5.8021265111160253e-13 -2.5004005302167512e-23
-5.8021265111160273e-13 -2.5004050528267507e-23
 2.1653830947353548e-12  9.3315942477610724e-23
 2.1653830947353557e-12  9.3315942477610677e-23
-8.0813197333468271e-12 -3.4826154134791789e-22
-8.0813197333468142e-12 -3.4826143797397484e-22
 3.0159895859241622e-11  1.2997267857304618e-21
 3.0159895859241616e-11  1.2997255452431489e-21
-1.1255826378046149e-10 -4.8506428104774768e-21
-1.1255826378046185e-10 -4.8506444644605639e-21
 4.2007315954938265e-10  9.8598199007933314e-21
 4.2007315954938219e-10  9.8598496724888656e-21
 1.0000000000000000e+00  0.0000000000000000e+00
 1.0000000000000000e+00  0.0000000000000000e+00
 oy !
time = 0.000000

-5.9170391194858835e-37 -1.9690633478590186e-46
 1.1834078295356911e-36  3.9381264420721903e-46
 1.1834078295356924e-36  3.9381267464472099e-46
-5.9170391194858910e-37 -1.9690631259189013e-46
-4.1419274287482330e-36 -1.3783441684856812e-45
-4.1419274287482437e-36 -1.3783442902356875e-45
 1.5384301964396487e-35  5.1195641007563405e-45
 1.5384301964396458e-35  5.1195644254230194e-45
-5.7395280722040309e-35 -1.9099919701873421e-44
-5.7395280722040341e-35 -1.9099913208539714e-44
 2.1419682201763651e-34  7.1280066980734560e-44
 2.1419682201763706e-34  7.1280092954069448e-44
-7.9939201143079021e-34 -2.6602046445173813e-43
-7.9939201143079123e-34 -2.6602043328373632e-43
 2.9833712389407907e-33  9.9280159342887307e-43
 2.9833712389407938e-33  9.9280142719952997e-43
-1.1134093001191152e-32 -3.7051855664157439e-42
-1.1134093001191162e-32 -3.7051854001863973e-42
 4.1553000978023804e-32  1.3827944163050304e-41
 4.1553000978023749e-32  1.3827945160426355e-41
-1.5507791170284425e-31 -5.1606597734959069e-41
-1.5507791170284432e-31 -5.1606592415620120e-41
 5.7875864878891576e-31  1.9259843414335596e-40
 5.7875864878891690e-31  1.9259846074005092e-40
-2.1599566944831302e-30 -7.1878712686995193e-40
-2.1599566944831313e-30 -7.1878697792846047e-40
 8.0610681703092817e-30  2.6825496265119774e-39
 8.0610681703092859e-30  2.6825499669496721e-39
-3.0084316140386402e-29 -1.0011411294068560e-38
-3.0084316140386424e-29 -1.0011409932317777e-38
 1.1227619696460056e-28  3.7363113252522380e-38
 1.1227619696460054e-28  3.7363111890771583e-38
-4.1902047385783812e-28 -1.3944101924713276e-37
-4.1902047385783848e-28 -1.3944100290612341e-37
 1.5638057064526812e-27  5.2040075130288734e-37
 1.5638057064526830e-27  5.2040081666692509e-37
-5.8362023817567795e-27 -1.9421630372360182e-36
-5.8362023817567968e-27 -1.9421631243880689e-36
 2.1781003931804095e-26  7.2482493059919866e-36
 2.1781003931804130e-26  7.2482487830796873e-36
-8.1287813760574305e-26 -2.7050837498509831e-35
-8.1287813760574431e-26 -2.7050838892942642e-35
 3.0337025265972232e-25  1.0095505763493488e-34
 3.0337025265972324e-25  1.0095505484606927e-34
-1.1321932026601201e-24 -3.7676959523398525e-34
-1.1321932026601188e-24 -3.7676953945667304e-34
 4.2254025795587267e-24  1.4061229189154927e-33
 4.2254025795587325e-24  1.4061233205121391e-33
-1.5769417196104905e-23 -5.2477233409952363e-33
-1.5769417196104943e-23 -5.2477240549448306e-33
 5.8852266505403375e-23  1.9584766786073778e-32
 5.8852266505403445e-23  1.9584766072124187e-32
-2.1963964994714839e-22 -7.3091326311534937e-32
-2.1963964994714868e-22 -7.3091332023131653e-32
 8.1970633746920810e-22  2.7278068553368203e-31
 8.1970633746920829e-22  2.7278062841771450e-31
-3.0591857155521074e-21 -1.0180313472840320e-30
-3.0591857155521119e-21 -1.0180313472840331e-30
 1.1417036583042915e-20  3.7993444637153866e-30
 1.1417036583042963e-20  3.7993441895587465e-30
-4.2608960834211969e-20 -1.4179345045408737e-29
-4.2608960834211981e-20 -1.4179344679866541e-29
 1.5901880756587042e-19  5.2918038459485943e-29
 1.5901880756587061e-19  5.2918047232498538e-29
-5.9346627245994018e-19 -1.9749279563301635e-28
-5.9346627245994115e-19 -1.9749277808699105e-28
 2.2148462935845096e-18  7.3705314261041065e-28
 2.2148462935845081e-18  7.3705335316271230e-28
-8.2659189440898840e-18 -2.7507195642563218e-27
-8.2659189440898870e-18 -2.7507190963623169e-27
 3.0848829640311585e-17  1.0265827664437223e-26
 3.0848829640311604e-17  1.0265830284643655e-26
-1.1512940020509108e-16 -3.8312596988957025e-26
-1.1512940020509131e-16 -3.8312585010870526e-26
 4.2966877337425338e-16  1.4298449104307788e-25
 4.2966877337425368e-16  1.4298448505403463e-25
-1.6035457014807931e-15 -5.3362562321495401e-25
-1.6035457014807943e-15 -5.3362562321495391e-25
 5.9845140631102016e-15  1.9915172951096348e-24
 5.9845140631102016e-15  1.9915173430219789e-24
-2.2334510665016291e-14 -7.4324448508569282e-24
-2.2334510665016272e-14 -7.4324442759087719e-24
 8.3353529022618619e-14  2.7738266324604572e-23
 8.3353529022618644e-14  2.7738269390994733e-23
-3.1107960701405735e-13 -1.0352058633397093e-22
-3.1107960701405785e-13 -1.0352057406841040e-22
 1.1609649049623404e-12  3.8634418480173858e-22
 1.1609649049623408e-12  3.8634420933285977e-22
-4.3327800349616304e-12 -1.4418556530513891e-21
-4.3327800349616320e-12 -1.4418556039891468e-21
 1.6170155317460752e-11  5.3810831619102142e-21
 1.6170155317460758e-11  5.3810823769143352e-21
-6.0347841543061434e-11 -2.0082456928132331e-20
-6.0347841543061357e-11 -2.0082455358140559e-20
 2.2522121200492793e-10  7.4948790865375910e-20
 2.2522121200492803e-10  7.4948790865375995e-20
-8.4053701076904356e-10 -2.7971258250402282e-19
-8.4053701076904646e-10 -2.7971262018382510e-19
 3.1369268470906814e-09  5.6856975203789873e-19
 3.1369268470906781e-09  5.6856977715776640e-19
 1.0000000000000000e+00  0.0000000000000000e+00
 1.0000000000000000e+00  0.0000000000000000e+00
 oy !
time = 0.000000

-4.4832456945485011e-36 -1.1354581414882983e-44
 8.9664917129048390e-36  2.2709162714198579e-44
 8.9664917129048404e-36  2.2709162868288448e-44
-4.4832456945485018e-36 -1.1354581694170839e-44
-3.1382722452302242e-35 -7.9482081172001527e-44
-3.1382722452302279e-35 -7.9482079631102971e-44
 1.1656440262961445e-34  2.9521916621127839e-43
 1.1656440262961409e-34  2.9521916374584037e-43
-4.3487490490416331e-34 -1.1013946779761002e-42
-4.3487490490416322e-34 -1.1013946631834749e-42
 1.6229352798057670e-33  4.1103596147253769e-42
 1.6229352798057690e-33  4.1103595950018782e-42
-6.0568664487558150e-33 -1.5340044466317067e-41
-6.0568664487558143e-33 -1.5340044466317067e-41
 2.2604531390146428e-32  5.7249822944736168e-41
 2.2604531390146423e-32  5.7249822629160148e-41
-8.4361262377108815e-32 -2.1365925133622234e-40
-8.4361262377108815e-32 -2.1365925638543850e-40
 3.1484053030447690e-31  7.9738725151130131e-40
 3.1484053030447620e-31  7.9738723888825985e-40
-1.1750009043202662e-30 -2.9758900147436148e-39
-1.1750009043202658e-30 -2.9758899945467509e-39
 4.3851632567082874e-30  1.1106172754446389e-38
 4.3851632567082923e-30  1.1106172835233854e-38
-1.6365652755960241e-29 -4.1448804598083937e-38
-1.6365652755960239e-29 -4.1448805729108388e-38
 6.1077450131190450e-29  1.5468905206049250e-37
 6.1077450131190427e-29  1.5468905076789312e-37
-2.2794415659158560e-28 -5.7730744015981973e-37
-2.2794415659158546e-28 -5.7730742981902462e-37
 8.5069920916223328e-28  2.1545407434789695e-36
 8.5069920916223184e-28  2.1545407745013532e-36
-3.1748528029428749e-27 -8.0408565755911306e-36
-3.1748528029428727e-27 -8.0408564928647704e-36
 1.1848712461224344e-26  3.0008885931154186e-35
 1.1848712461224334e-26  3.0008886262059643e-35
-4.4219998753529305e-26 -1.1199469310532354e-34
-4.4219998753529356e-26 -1.1199469178170182e-34
 1.6503128894057732e-25  4.1796991908432552e-34
 1.6503128894057730e-25  4.1796992040794728e-34
-6.1590518084794324e-25 -1.5598850639729064e-33
-6.1590518084794342e-25 -1.5598850904453427e-33
 2.2985895234201678e-24  5.8215707259521073e-33
 2.2985895234201711e-24  5.8215705141726244e-33
-8.5784532448694842e-24 -2.1726398517529852e-32
-8.5784532448694607e-24 -2.1726398941088797e-32
 3.2015224695235680e-23  8.1084028575120373e-32
 3.2015224695235680e-23  8.1084029591661909e-32
-1.1948245016074865e-22 -3.0260972848972050e-31
-1.1948245016074877e-22 -3.0260972848972072e-31
 4.4591459320728293e-22  1.1293549819552046e-30
 4.4591459320728284e-22  1.1293549656905406e-30
-1.6641759870818058e-21 -4.2148102562574262e-30
-1.6641759870818052e-21 -4.2148103863747379e-30
 6.2107895955141207e-21  1.5729887544845158e-29
 6.2107895955141147e-21  1.5729886764141272e-29
-2.3178983292137942e-20 -5.8704744368798061e-29
-2.3178983292137945e-20 -5.8704744715777632e-29
 8.6505146921296722e-20  2.1908909409410137e-28
 8.6505146921296999e-20  2.1908909340014250e-28
-3.2284161688892295e-19 -8.1765168336057283e-28
-3.2284161688892271e-19 -8.1765168613640850e-28
 1.2048613672696296e-18  3.0515178135318978e-27
 1.2048613672696298e-18  3.0515177691185210e-27
-4.4966040262346710e-18 -1.1388420020452461e-26
-4.4966040262346733e-18 -1.1388420020452456e-26
 1.6781555387214165e-17  4.2502166865062385e-26
 1.6781555387214140e-17  4.2502166865062356e-26
-6.2629619946757252e-17 -1.5862024921633200e-25
-6.2629619946757252e-17 -1.5862024992694602e-25
 2.3373693344681131e-16  5.9197886535331436e-25
 2.3373693344681141e-16  5.9197888525050711e-25
-8.7231814760434094e-16 -2.2092953038661335e-24
-8.7231814760434222e-16 -2.2092953720850805e-24
 3.2555357829789616e-15  8.2452031715810092e-24
 3.2555357829789636e-15  8.2452029896638206e-24
-1.2149825454581324e-14 -3.0771517200540719e-23
-1.2149825454581329e-14 -3.0771517564375087e-23
 4.5343767790417255e-14  1.1484087922889183e-22
 4.5343767790417229e-14  1.1484087668205108e-22
-1.6922525225710183e-13 -4.2859199007341558e-22
-1.6922525225710156e-13 -4.2859200462679040e-22
 6.3155726568297527e-13  1.5995273120996029e-21
 6.3155726568297507e-13  1.5995273004569033e-21
-2.3570039017047340e-12 -5.9695174038587466e-21
-2.3570039017047364e-12 -5.9695171942901467e-21
 8.7964586816106981e-12  2.2278543502533449e-20
 8.7964586816106997e-12  2.2278543502533449e-20
-3.2828832095407156e-11 -8.3144660262082889e-20
-3.2828832095407163e-11 -8.3144659889516483e-20
 1.2251887444221974e-10  3.1030011049248095e-19
 1.2251887444221977e-10  3.1030012539513687e-19
-4.5724668337161113e-10 -1.1580559124786483e-18
-4.5724668337161045e-10 -1.1580558767122729e-18
 1.7064679250945769e-09  4.3219234768309566e-18
 1.7064679250945771e-09  4.3219234052982115e-18
-6.3686252635099823e-09 -1.6129640116983425e-17
-6.3686252635100021e-09 -1.6129639353967440e-17
 2.3768034048908214e-08  3.2786593168649623e-17
 2.3768034048908188e-08  3.2786593550157604e-17
 1.0000000000000000e+00  0.0000000000000000e+00
 1.0000000000000000e+00  0.0000000000000000e+00
 oy !
time = 0.000002

-3.4034185354311779e-35 -6.5474963250467868e-43
 6.8068389370725224e-35  1.3094997795695488e-42
 6.8068389370725320e-35  1.3094997854201488e-42
-3.4034185354311827e-35 -6.5474962983534286e-43
-2.3823944677701078e-34 -4.5832515593721115e-42
-2.3823944677701142e-34 -4.5832515593721083e-42
 8.8488965900686393e-34  1.7023513792229914e-41
 8.8488965900686205e-34  1.7023513754786060e-41
-3.3013201596803976e-33 -6.3510830257856243e-41
-3.3013201596804004e-33 -6.3510830182968607e-41
 1.2320394600165814e-32  2.3701991000379814e-40
 1.2320394600165843e-32  2.3701990940469693e-40
-4.5980271752360172e-32 -8.8456917573337157e-40
-4.5980271752360199e-32 -8.8456917812977707e-40
 1.7160074283434385e-31  3.3012582243325839e-39
 1.7160074283434395e-31  3.3012582171433675e-39
-6.4042288777395445e-31 -1.2320468844512620e-38
-6.4042288777395498e-31 -1.2320468815755747e-38
 2.3900915105923204e-30  4.5980636811431304e-38
 2.3900915105923172e-30  4.5980636849773764e-38
-8.9199457757302859e-30 -1.7160215160660407e-37
-8.9199457757302901e-30 -1.7160215145323425e-37
 3.3289701374540014e-29  6.4042823831912887e-37
 3.3289701374540087e-29  6.4042823739890959e-37
-1.2423889623014756e-28 -2.3901118308589269e-36
-1.2423889623014763e-28 -2.3901118259510887e-36
 4.6366601979473924e-28  8.9200228537228681e-36
 4.6366601979473951e-28  8.9200228291836768e-36
-1.7304256914359576e-27 -3.3289993646216150e-35
-1.7304256914359586e-27 -3.3289993685478850e-35
 6.4580386436494219e-27  1.2424000425973441e-34
 6.4580386436494176e-27  1.2424000449531063e-34
-2.4101735965477292e-26 -4.6367022249390203e-34
-2.4101735965477307e-26 -4.6367021998108891e-34
 8.9948931649827659e-26  1.7304416093275452e-33
 8.9948931649827705e-26  1.7304416130967654e-33
-3.3569408927781059e-25 -6.4580989933594513e-33
-3.3569408927781137e-25 -6.4580989833082015e-33
 1.2528277936058359e-24  2.4101964455567978e-32
 1.2528277936058370e-24  2.4101964475670483e-32
-4.6756184590795343e-24 -8.9949797687055529e-32
-4.6756184590795395e-24 -8.9949797646850568e-32
 1.7449651170304996e-23  3.3569736808567686e-31
 1.7449651170305037e-23  3.3569736776403656e-31
-6.5123005358581501e-23 -1.2528401935817263e-30
-6.5123005358581419e-23 -1.2528401967981258e-30
 2.4304244168220672e-22  4.6756654529979151e-30
 2.4304244168220696e-22  4.6756654349860730e-30
-9.0704702790660728e-22 -1.7449828870107337e-29
-9.0704702790660935e-22 -1.7449828942154722e-29
 3.3851466646716981e-21  6.5123677773391861e-29
 3.3851466646717011e-21  6.5123677649882064e-29
-1.2633543343154529e-20 -2.4304498646572603e-28
-1.2633543343154535e-20 -2.4304498498360838e-28
 4.7149040562719350e-20  9.0705664989945323e-28
 4.7149040562719326e-20  9.0705665582792292e-28
-1.7596267061445092e-19 -3.3851830400818999e-27
-1.7596267061445113e-19 -3.3851830427167780e-27
 6.5670183486726631e-19  1.2633680954081136e-26
 6.5670183486726891e-19  1.2633680964620645e-26
-2.4508453890367734e-18 -4.7149560527270033e-26
-2.4508453890367734e-18 -4.7149560400795978e-26
 9.1466824090368335e-18  1.7596463572724781e-25
 9.1466824090368412e-18  1.7596463640177600e-25
-3.4135894277958644e-17 -6.5670926220550968e-25
-3.4135894277958681e-17 -6.5670926254277352e-25
 1.2739693213844133e-16  2.4508734619017508e-24
 1.2739693213844120e-16  2.4508734619017493e-24
-4.7545197398756162e-16 -9.1467884133487459e-24
-4.7545197398756192e-16 -9.1467883971600713e-24
 1.7744114852232970e-15  3.4136294942074927e-23
 1.7744114852232976e-15  3.4136294942074944e-23
-6.6221959128402654e-15 -1.2739844455093911e-22
-6.6221959128402757e-15 -1.2739844472361836e-22
 2.4714379428466323e-14  4.7545768678571060e-22
 2.4714379428466336e-14  4.7545768885786113e-22
-9.2235348904410636e-14 -1.7744330567683393e-21
-9.2235348904410674e-14 -1.7744330526240379e-21
 3.4422711734041193e-13  6.6222773072992609e-21
 3.4422711734041178e-13  6.6222773100621233e-21
-1.2846734979588765e-12 -2.4714686864725194e-20
-1.2846734979588745e-12 -2.4714686820519303e-20
 4.7944682833507095e-12  9.2236508607951722e-20
 4.7944682833507103e-12  9.2236509182628152e-20
-1.7893204893365970e-11 -3.4423149408746079e-19
-1.7893204893365993e-11 -3.4423149338016687e-19
 6.6778370912949604e-11  1.2846900137728807e-18
 6.6778370912949630e-11  1.2846900194312329e-18
-2.4922035199187242e-10 -4.7945306057911068e-18
-2.4922035199187248e-10 -4.7945306142786354e-18
 9.3010331036552231e-10  1.7893439932170879e-17
 9.3010331036552282e-10  1.7893439830320527e-17
-3.4711939094809307e-09 -6.6779258385061071e-17
-3.4711939094809257e-09 -6.6779258792462381e-17
 1.2954676134290873e-08  2.4922368543181370e-16
 1.2954676134290878e-08  2.4922368470754487e-16
-4.8347524834605357e-08 -9.3011609104922615e-16
-4.8347524834605503e-08 -9.3011608887641943e-16
 1.8043547622510559e-07  1.8906394912547259e-15
 1.8043547622510535e-07  1.8906394984974160e-15
 1.0000000000000000e+00  0.0000000000000000e+00
 1.0000000000000000e+00  0.0000000000000000e+00
 oy !
time = 0.000017

-2.5841035359417400e-34 -3.7750586419116594e-41
 5.1682178318168771e-34  7.5501399907452937e-41
 5.1682178318168891e-34  7.5501399898567379e-41
-2.5841035359417460e-34 -3.7750586417450541e-41
-1.8088810831125131e-33 -2.6425592101330564e-40
-1.8088810831125196e-33 -2.6425592094222073e-40
 6.7187176132277618e-33  9.8152546268389355e-40
 6.7187176132277550e-33  9.8152546247063811e-40
-2.5066045321748125e-32 -3.6618577353402002e-39
-2.5066045321748163e-32 -3.6618577344871837e-39
 9.3545672417946025e-32  1.3665949509797494e-38
 9.3545672417946343e-32  1.3665949513209568e-38
-3.4911742337608759e-31 -5.1002104659251755e-38
-3.4911742337608829e-31 -5.1002104663801187e-38
 1.3029269284511916e-30  1.9034308260363842e-37
 1.3029269284511939e-30  1.9034308264003383e-37
-4.8626011408795494e-30 -7.1037251503549520e-37
-4.8626011408795578e-30 -7.1037251510828552e-37
 1.8147518129572086e-29  2.6511555202318480e-36
 1.8147518129572080e-29  2.6511555202318470e-36
-6.7727622505225370e-29 -9.8942814513255129e-36
-6.7727622505225460e-29 -9.8942814484138845e-36
 2.5276353590901518e-28  3.6926089297177212e-35
 2.5276353590901599e-28  3.6926089299506531e-35
-9.4332862607721043e-28 -1.3781051985859575e-34
-9.4332862607721240e-28 -1.3781051987723020e-34
 3.5205588241805080e-27  5.1431764701684896e-34
 3.5205588241805145e-27  5.1431764683050448e-34
-1.3138935988869194e-26 -1.9194662544822760e-33
-1.3138935988869216e-26 -1.9194662541841241e-33
 4.9035294548592421e-26  7.1635704636896015e-33
 4.9035294548592462e-26  7.1635704619006921e-33
-1.8300265055712864e-25 -2.6734901720646132e-32
-1.8300265055712896e-25 -2.6734901723031339e-32
 6.8297683167163679e-25  9.9776357992824258e-32
 6.8297683167163826e-25  9.9776357945120118e-32
-2.5489103637539644e-24 -3.7237173036875293e-31
-2.5489103637539743e-24 -3.7237173033058988e-31
 9.5126858498854631e-24  1.3897150409686227e-30
 9.5126858498854866e-24  1.3897150409686227e-30
-3.5501912254458068e-23 -5.1865051496637253e-30
-3.5501912254458145e-23 -5.1865051496637274e-30
 1.3249525881657053e-22  1.9356367917974353e-29
 1.3249525881657100e-22  1.9356367917974345e-29
-4.9448022638945736e-22 -7.2239199363244434e-29
-4.9448022638945717e-22 -7.2239199358359451e-29
 1.8454297646099038e-21  2.6960129818292305e-28
 1.8454297646099068e-21  2.6960129814384382e-28
-6.8872542001722969e-21 -1.0061692365913063e-27
-6.8872542001723180e-21 -1.0061692366694651e-27
 2.5703644390793134e-20  3.7550877464405804e-27
 2.5703644390793176e-20  3.7550877470658489e-27
-9.5927537414084109e-20 -1.4014226921681462e-26
-9.5927537414084266e-20 -1.4014226919180380e-26
 3.5800730411647393e-19  5.2301988407269048e-26
 3.5800730411647403e-19  5.2301988412271178e-26
-1.3361046604093298e-18 -1.9519435600245179e-25
-1.3361046604093321e-18 -1.9519435594242625e-25
 4.9864224641182208e-18  7.2847778250469377e-25
 4.9864224641182431e-18  7.2847778234462551e-25
-1.8609626721163580e-17 -2.7187255349960280e-24
-1.8609626721163592e-17 -2.7187255348359573e-24
 6.9452239394592473e-17  1.0146457050229247e-23
 6.9452239394592559e-17  1.0146457048948697e-23
-2.5919990922927951e-16 -3.7867224682123300e-23
-2.5919990922927995e-16 -3.7867224684684373e-23
 9.6734955604029919e-16  1.4132289727025771e-22
 9.6734955604029860e-16  1.4132289731123519e-22
-3.6102063706441221e-15 -5.2742606341922848e-22
-3.6102063706441253e-15 -5.2742606329629575e-22
 1.3473505990916503e-14  1.9683876998905171e-21
 1.3473505990916514e-14  1.9683876998905178e-21
-5.0283929795014785e-14 -7.3461484107787840e-21
-5.0283929795014879e-14 -7.3461484140569937e-21
 1.8766263193341924e-13  2.7416294297946431e-20
 1.8766263193341937e-13  2.7416294297946431e-20
-7.0036816071633670e-13 -1.0231935837978804e-19
-7.0036816071633700e-13 -1.0231935840076851e-19
 2.6138158433079023e-12  3.8186236995707988e-19
 2.6138158433079015e-12  3.8186236983119638e-19
-9.7549169792771580e-12 -1.4251347146096670e-18
-9.7549169792771450e-12 -1.4251347147775106e-18
 3.6405933308605284e-11  5.3186936234640688e-18
 3.6405933308605284e-11  5.3186936224570047e-18
-1.3586911942809720e-10 -1.9849703744750965e-17
-1.3586911942809743e-10 -1.9849703752807494e-17
 5.0707167586264392e-10  7.4080359927927163e-17
 5.0707167586264443e-10  7.4080359922556166e-17
-1.8924218066918834e-09 -2.7647262932638177e-16
-1.8924218066918842e-09 -2.7647262943380209e-16
 7.0626313101495144e-09  1.0318134469410917e-15
 7.0626313101495210e-09  1.0318134467692185e-15
-2.6358162248310867e-08 -3.8507940624281411e-15
-2.6358162248310841e-08 -3.8507940638031186e-15
 9.8370237181838280e-08  1.4371402227561446e-14
 9.8370237181838333e-08  1.4371402228936440e-14
-3.6712360566080436e-07 -5.3635083527080722e-14
-3.6712360566080573e-07 -5.3635083532580672e-14
 1.3701272426968228e-06  1.0902355848219086e-13
 1.3701272426968216e-06  1.0902355857018954e-13
 1.0000000000000000e+00  0.0000000000000000e+00
 1.0000000000000000e+00  0.0000000000000000e+00
 oy !
time = 0.000129

-1.9607519575786722e-33 -2.1744478406485818e-39
 3.9215659264049777e-33  4.3489950320176375e-39
 3.9215659264049790e-33  4.3489950320851144e-39
-1.9607519575786732e-33 -2.1744478406886452e-39
-1.3725759795910692e-32 -1.5221929697211632e-38
-1.3725759795910714e-32 -1.5221929696536871e-38
 5.0982341437736263e-32  5.6540114697549092e-38
 5.0982341437736110e-32  5.6540114699168433e-38
-1.9020683066946347e-31 -2.1094369557086242e-37
-1.9020683066946344e-31 -2.1094369556654411e-37
 7.0985701206704653e-31  7.8725394269342998e-37
 7.0985701206704758e-31  7.8725394267615691e-37
-2.6492661167505447e-30 -2.9381440100423931e-36
-2.6492661167505447e-30 -2.9381440100078459e-36
 9.8873750227999443e-30  1.0965590565316430e-35
 9.8873750227999415e-30  1.0965590564625485e-35
-3.6900859354536004e-29 -4.0925220199247098e-35
-3.6900859354536004e-29 -4.0925220198141563e-35
 1.3771839637686010e-28  1.5273902959352231e-34
 1.3771839637685976e-28  1.5273902960678833e-34
-5.1398143680723335e-28 -5.7004485398662916e-34
-5.1398143680723317e-28 -5.7004485396009720e-34
 1.9182398598922698e-27  2.1274924701147560e-33
 1.9182398598922724e-27  2.1274924701678217e-33
-7.1590993297775290e-27 -7.9401194098488973e-33
-7.1590993297775304e-27 -7.9401194098488973e-33
 2.6718610263872933e-26  2.9633710628750251e-32
 2.6718610263872938e-26  2.9633710627335197e-32
-9.9717031638340115e-26 -1.1059743059506527e-31
-9.9717031638340115e-26 -1.1059743059166911e-31
 3.7215582321379018e-25  4.1276611631289394e-31
 3.7215582321378977e-25  4.1276611633553464e-31
-1.3889297992941925e-24 -1.5405047461029555e-30
-1.3889297992941921e-24 -1.5405047461210681e-30
 5.1836512204409153e-24  5.7493936104757623e-30
 5.1836512204409145e-24  5.7493936104033159e-30
-1.9346002934382027e-23 -2.1457594961636971e-29
-1.9346002934382059e-23 -2.1457594960187972e-29
 7.2201584093479719e-23  8.0082946574734374e-29
 7.2201584093479731e-23  8.0082946585167288e-29
-2.6946489994999751e-22 -2.9888150757684665e-28
-2.6946489994999746e-22 -2.9888150756061778e-28
 1.0056750583839552e-21  1.1154703884956274e-27
 1.0056750583839565e-21  1.1154703884770797e-27
-3.7532989385763351e-21 -4.1631019502749222e-27
-3.7532989385763246e-21 -4.1631019503120122e-27
 1.4007758076158684e-20  1.5537317733939389e-26
 1.4007758076158678e-20  1.5537317733642634e-26
-5.2278619293037259e-20 -5.7987588348066549e-26
-5.2278619293037290e-20 -5.7987588347473073e-26
 1.9511002546479610e-19  2.1641833298647042e-25
 1.9511002546479600e-19  2.1641833297222605e-25
-7.2817382226788381e-19 -8.0770551349984337e-25
-7.2817382226788342e-19 -8.0770551350933889e-25
 2.7176313166177310e-18  3.0144775042276551e-24
 2.7176313166177275e-18  3.0144775043416090e-24
-1.0142523318683163e-17 -1.1250479871793096e-23
-1.0142523318683167e-17 -1.1250479872096989e-23
 3.7853103411003417e-17  4.1988469678945201e-23
 3.7853103411003528e-17  4.1988469676514184e-23
-1.4127228429218258e-16 -1.5670723432738173e-22
-1.4127228429218248e-16 -1.5670723432495057e-22
 5.2724496828337986e-16  5.8485478206609747e-22
 5.2724496828337976e-16  5.8485478205637331e-22
-1.9677409333918630e-15 -2.1827653166633530e-21
-1.9677409333918642e-15 -2.1827653166828012e-21
 7.3438432105084722e-15  8.1464058620593683e-21
 7.3438432105084643e-15  8.1464058622149504e-21
-2.7408096350766079e-14 -3.0403602239979643e-20
-2.7408096350766089e-14 -3.0403602240290819e-20
 1.0229027553738827e-13  1.1347078014952674e-19
 1.0229027553738832e-13  1.1347078014828208e-19
-3.8175947481645893e-13 -4.2348988269045155e-19
-3.8175947481645969e-13 -4.2348988266555780e-19
 1.4247717667546041e-12  1.5805274311235206e-18
 1.4247717667546053e-12  1.5805274311633509e-18
-5.3174176964096868e-12 -5.8987642011872854e-18
-5.3174176964096925e-12 -5.8987642011872831e-18
 1.9845235296871726e-11  2.2015068138154510e-17
 1.9845235296871723e-11  2.2015068138951093e-17
-7.4064778514430440e-11 -8.2163519118147772e-17
-7.4064778514430363e-11 -8.2163519113686751e-17
 2.7641856263453583e-10  3.0664651209512528e-16
 2.7641856263453583e-10  3.0664651210787110e-16
-1.0316269527125291e-09 -1.1444505417133810e-15
-1.0316269527125305e-09 -1.1444505416827920e-15
 3.8501544879087546e-09  4.2712600976214864e-15
 3.8501544879087562e-09  4.2712600976622729e-15
-1.4369234480033134e-08 -1.5940981056692558e-14
-1.4369234480033139e-08 -1.5940981057181993e-14
 5.3627692128300659e-08  5.9494104456819379e-14
 5.3627692128300679e-08  5.9494104454209032e-14
-2.0014492537820433e-07 -2.2204108645678613e-13
-2.0014492537820404e-07 -2.2204108645417572e-13
 7.4696466623081325e-07  8.2868750709136138e-13
 7.4696466623081314e-07  8.2868750711224476e-13
-2.7877609761057996e-06 -3.0928265794203190e-12
-2.7877609761058085e-06 -3.0928265792114955e-12
 1.0404255530714356e-05  6.2867419953376537e-12
 1.0404255530714344e-05  6.2867419957553016e-12
 1.0000000000000000e+00  0.0000000000000000e+00
 1.0000000000000000e+00  0.0000000000000000e+00
 oy !
time = 0.000983

-1.4800769983646677e-32 -1.2432324664490658e-37
 2.9605100388025291e-32  2.4868981275234980e-37
 2.9605100388025291e-32  2.4868981275414326e-37
-1.4800769983646683e-32 -1.2432324664483452e-37
-1.0363387450755606e-31 -8.7060929747875263e-37
-1.0363387450755621e-31 -8.7060929747055393e-37
 3.8498025358220689e-31  3.2343539718435535e-36
 3.8498025358220566e-31  3.2343539718763416e-36
-1.4364723382315788e-30 -1.2069059888836168e-35
-1.4364723382315784e-30 -1.2069059888918155e-35
 5.3616001023829909e-30  4.5050292981651326e-35
 5.3616001023829993e-30  4.5050292981651342e-35
-2.0012507128825990e-29 -1.6816349128787998e-34
-2.0012507128825996e-29 -1.6816349128892938e-34
 7.4698054549839980e-29  6.2772079286402904e-34
 7.4698054549839991e-29  6.2772079285983156e-34
-2.7881563995659312e-28 -2.3431568248620344e-33
-2.7881563995659317e-28 -2.3431568248494398e-33
 1.0406986073586303e-27  8.7465381188990177e-33
 1.0406986073586285e-27  8.7465381188990109e-33
-3.8844793162271576e-27 -3.2649085531487274e-32
-3.8844793162271584e-27 -3.2649085531487291e-32
 1.4499086839031671e-26  1.2187253405801256e-31
 1.4499086839031694e-26  1.2187253405814693e-31
-5.4118840898089132e-26 -4.5492588905898898e-31
-5.4118840898089155e-26 -4.5492588906221267e-31
 2.0200230246427687e-25  1.6981476754008423e-30
 2.0200230246427691e-25  1.6981476753943953e-30
-7.5398750812504819e-25 -6.3388466988348695e-30
-7.5398750812504846e-25 -6.3388466988090772e-30
 2.8143102952537571e-24  2.3661650428083593e-29
 2.8143102952537556e-24  2.3661650428152352e-29
-1.0504606922483575e-23 -8.8324219914462973e-29
-1.0504606922483582e-23 -8.8324219914875605e-29
 3.9209168305163368e-23  3.2969668332950455e-28
 3.9209168305163391e-23  3.2969668333170542e-28
-1.4635091847206400e-22 -1.2306918865768467e-27
-1.4635091847206435e-22 -1.2306918865658438e-27
 5.4626487001760966e-22  4.5939269823069648e-27
 5.4626487001761023e-22  4.5939269823333732e-27
-2.0389711919806362e-21 -1.7148211448697245e-26
-2.0389711919806381e-21 -1.7148211448732467e-26
 7.6106001476296827e-21  6.4010845443121827e-26
 7.6106001476297008e-21  6.4010845443403498e-26
-2.8407088112784884e-20 -2.3893968564388216e-25
-2.8407088112784842e-20 -2.3893968564331848e-25
 1.0603140820116297e-19  8.9191404746013065e-25
 1.0603140820116304e-19  8.9191404746576476e-25
-3.9576951438444778e-19 -3.3293366487627163e-24
-3.9576951438444851e-19 -3.3293366487446894e-24
 1.4772368901851765e-18  1.2427747193931418e-23
 1.4772368901851774e-18  1.2427747194039585e-23
-5.5138881071504514e-18 -4.6390291383306934e-23
-5.5138881071504530e-18 -4.6390291383523248e-23
 2.0580965791159019e-17  1.7316566376257231e-22
 2.0580965791159004e-17  1.7316566376401448e-22
-7.6819866942298311e-17 -6.4639271746692408e-22
-7.6819866942298373e-17 -6.4639271746577096e-22
 2.8673542275295341e-16  2.4128544182777047e-21
 2.8673542275295435e-16  2.4128544182892437e-21
-1.0702596283044096e-15 -9.0067016088622426e-21
-1.0702596283044086e-15 -9.0067016087053229e-21
 3.9948174352248555e-15  3.3620210007719101e-20
 3.9948174352248555e-15  3.3620210008272939e-20
-1.4910929868777169e-14 -1.2549749593953279e-19
-1.4910929868777178e-14 -1.2549749593879429e-19
 5.5656067396815477e-14  4.6845695404384134e-19
 5.5656067396815395e-14  4.6845695404561329e-19
-2.0774008391670347e-13 -1.7486557146451307e-18
-2.0774008391670347e-13 -1.7486557146404048e-18
 7.7540408913642139e-13  6.5273804163734262e-18
 7.7540408913642139e-13  6.5273804163450734e-18
-2.8942488470944653e-12 -2.4365399032093555e-17
-2.8942488470944686e-12 -2.4365399032093567e-17
 1.0802981907608811e-11  9.0951135115187864e-17
 1.0802981907608813e-11  9.0951135115036612e-17
-4.0322869132672841e-11 -3.3950229201140773e-16
-4.0322869132672860e-11 -3.3950229200959281e-16
 1.5050786724212949e-10  1.2672937368621178e-15
 1.5050786724212941e-10  1.2672937368609069e-15
-5.6178090679322789e-10 -4.7305524204078907e-15
-5.6178090679322686e-10 -4.7305524204175660e-15
 2.0968856406356596e-09  1.7658199377619009e-14
 2.0968856406356587e-09  1.7658199377619019e-14
-7.8267689667609270e-09 -6.5914503458856657e-14
-7.8267689667609336e-09 -6.5914503458546956e-14
 2.9213949944952328e-08  2.4604552359486231e-13
 2.9213949944952335e-08  2.4604552359517205e-13
-1.0904306370097652e-07 -9.1843881515027617e-13
-1.0904306370097651e-07 -9.1843881515151513e-13
 4.0701068165036256e-07  3.4283402086704741e-12
 4.0701068165036256e-07  3.4283402086209172e-12
-1.5191951554927202e-06 -1.2797395181738919e-11
-1.5191951554927177e-06 -1.2797395181857843e-11
 5.6704996049216540e-06  4.7768799922213485e-11
 5.6704996049216523e-06  4.7768799922213530e-11
-2.1165526657937223e-05 -1.7832930799421662e-10
-2.1165526657937284e-05 -1.7832930799485099e-10
 7.9001772305547434e-05  3.6247891243319549e-10
 7.9001772305547325e-05  3.6247891242621770e-10
 1.0000000000000000e+00  0.0000000000000000e+00
 1.0000000000000000e+00  0.0000000000000000e+00
 oy !
time = 0.007464

-1.0737495488795735e-31 -6.7107604195825531e-36
 2.1494855751561815e-31  1.3439880766706460e-35
 2.1494855751561823e-31  1.3439880766688956e-35
-1.0737495488795744e-31 -6.7107604195918543e-36
-7.5321440149198861e-31 -4.7122252004182091e-35
-7.5321440149199010e-31 -4.7122252004182058e-35
 2.8006944008753980e-30  1.7530656350483741e-34
 2.8006944008753903e-30  1.7530656350480606e-34
-1.0459916989991346e-29 -6.5506095348680940e-34
-1.0459916989991351e-29 -6.5506095348705871e-34
 3.9077631251179670e-29  2.4485102059689868e-33
 3.9077631251179754e-29  2.4485102059684900e-33
-1.4599498912323951e-28 -9.1523243936619711e-33
-1.4599498912323957e-28 -9.1523243936659574e-33
 5.4544158083662465e-28  3.4210628549269028e-32
 5.4544158083662492e-28  3.4210628549269033e-32
-2.0377854276473428e-27 -1.2787634459083051e-31
-2.0377854276473439e-27 -1.2787634459084638e-31
 7.6132226708621883e-27  4.7799003035056447e-31
 7.6132226708621797e-27  4.7799003035050036e-31
-2.8443201578822045e-26 -1.7866806207872121e-30
-2.8443201578822057e-26 -1.7866806207882329e-30
 1.0626452202571041e-25  6.6784315557052694e-30
 1.0626452202571066e-25  6.6784315557032334e-30
-3.9700682616449776e-25 -2.4963271336511275e-29
-3.9700682616449817e-25 -2.4963271336478638e-29
 1.4832266575675817e-24  9.3309955334140482e-29
 1.4832266575675832e-24  9.3309955334140504e-29
-5.5413673031451877e-24 -3.4878189529780355e-28
-5.5413673031451914e-24 -3.4878189529806448e-28
 2.0702663386041559e-23  1.3037050679082838e-27
 2.0702663386041556e-23  1.3037050679077610e-27
-7.7345556999265632e-23 -4.8730878866133583e-27
-7.7345556999265703e-23 -4.8730878866070927e-27
 2.8896443195864645e-22  1.8214976074349486e-26
 2.8896443195864673e-22  1.8214976074328605e-26
-1.0795761355756556e-21 -6.8085156218768249e-26
-1.0795761355756582e-21 -6.8085156218843485e-26
 4.0333139629566490e-21  2.5449294331891784e-25
 4.0333139629566543e-21  2.5449294331901817e-25
-1.5068521846243163e-20 -9.5125844440642260e-25
-1.5068521846243181e-20 -9.5125844440602183e-25
 5.6296207989377657e-20  3.5556645425367421e-24
 5.6296207989377826e-20  3.5556645425399490e-24
-2.1032335525562339e-19 -1.3290536522647018e-23
-2.1032335525562313e-19 -1.3290536522640591e-23
 7.8577051549571672e-19  4.9677956525436011e-23
 7.8577051549571787e-19  4.9677956525436035e-23
-2.9356469494818524e-18 -1.8568824499157287e-22
-2.9356469494818597e-18 -1.8568824499160721e-22
 1.0967604711371842e-17  6.9407208817228571e-22
 1.0967604711371855e-17  6.9407208817214888e-22
-4.0975062349836793e-17 -2.5943240925342092e-21
-4.0975062349836848e-17 -2.5943240925320181e-21
 1.5308312730201548e-16  9.6971331688464282e-21
 1.5308312730201548e-16  9.6971331688420407e-21
-5.7191949103209239e-16 -3.6246157532232787e-20
-5.7191949103209298e-16 -3.6246157532298540e-20
 2.1366940402690103e-15  1.3548152347734648e-19
 2.1366940402690182e-15  1.3548152347732905e-19
-7.9826970762850156e-15 -5.0640461479614814e-19
-7.9826970762850140e-15 -5.0640461479593764e-19
 2.9823377736196290e-14  1.8928435694592555e-18
 2.9823377736196315e-14  1.8928435694592559e-18
-1.1142018595713583e-13 -7.0750787883654160e-18
-1.1142018595713597e-13 -7.0750787883755063e-18
 4.1626586453959019e-13  2.6445228593701358e-17
 4.1626586453958973e-13  2.6445228593683396e-17
-1.5551689902035287e-12 -9.8846855852384662e-17
-1.5551689902035295e-12 -9.8846855852492330e-17
 5.8101085639279591e-12  3.6946889731102001e-16
 5.8101085639279631e-12  3.6946889731109194e-16
-2.1706548707323027e-11 -1.3809959364868615e-15
-2.1706548707323065e-11 -1.3809959364862878e-15
 8.1095578661824574e-11  5.1618622328616058e-15
 8.1095578661824626e-11  5.1618622328639021e-15
-3.0297266530960731e-10 -1.9293895070320953e-14
-3.0297266530960747e-10 -1.9293895070320946e-14
 1.1319039839409680e-09  7.2116212030767595e-14
 1.1319039839409673e-09  7.2116212030767544e-14
-4.2287849502112920e-09 -2.6955376883846259e-13
-4.2287849502112845e-09 -2.6955376883853589e-13
 1.5798704739759133e-08  1.0075285581704317e-12
 1.5798704739759133e-08  1.0075285581714610e-12
-5.9023809490124347e-08 -3.7659016583049189e-12
-5.9023809490124426e-08 -3.7659016583025682e-12
 2.2051232112022453e-07  1.4076007918938162e-11
 2.2051232112022461e-07  1.4076007918952269e-11
-8.2383142913581213e-07 -5.2612834484270221e-11
-8.2383142913581245e-07 -5.2612834484289040e-11
 3.0778235886952247e-06  1.9665060786032146e-10
 3.0778235886952256e-06  1.9665060786043421e-10
-1.1498705744846231e-05 -7.3506993718283704e-10
-1.1498705744846217e-05 -7.3506993718283652e-10
 4.2958991513219582e-05  2.7469354308992633e-09
 4.2958991513219575e-05  2.7469354309010724e-09
-1.6049408567421158e-04 -1.0275195127893313e-08
-1.6049408567421209e-04 -1.0275195127888502e-08
 5.9960325913347573e-04  2.0882096385766216e-08
 5.9960325913347497e-04  2.0882096385780658e-08
 1.0000000000000000e+00  0.0000000000000000e+00
 1.0000000000000000e+00  0.0000000000000000e+00
 oy !
time = 0.056677

-5.6454886611532170e-31 -2.1304592567450010e-34
 1.1379569816630558e-30  4.3229594451524570e-34
 1.1379569816630567e-30  4.3229594451534192e-34
-5.6454886611532196e-31 -2.1304592567448719e-34
-4.0229063507733719e-30 -1.5410926560267465e-33
-4.0229063507733789e-30 -1.5410926560265980e-33
 1.5079223572226134e-29  5.8200415040996169e-33
 1.5079223572226086e-29  5.8200415040994917e-33
-5.6763271946663721e-29 -2.2067940492278374e-32
-5.6763271946663710e-29 -2.2067940492276962e-32
 2.1373549026168148e-28  8.3686514134024853e-32
 2.1373549026168179e-28  8.3686514134019215e-32
-8.0479357411571345e-28 -3.1731574569772667e-31
-8.0479357411571345e-28 -3.1731574569770394e-31
 3.0302779897076385e-27  1.2029945976986798e-30
 3.0302779897076388e-27  1.2029945976989521e-30
-1.1409590103292011e-26 -4.5600813523711324e-30
-1.1409590103292011e-26 -4.5600813523706462e-30
 4.2958317531155617e-26  1.7283026107320974e-29
 4.2958317531155525e-26  1.7283026107321448e-29
-1.6173880304876219e-25 -6.5494777520845627e-29
-1.6173880304876212e-25 -6.5494777520839853e-29
 6.0893511089984232e-25  2.4816161590808427e-28
 6.0893511089984306e-25  2.4816161590810763e-28
-2.2925442501124858e-24 -9.4016680546433809e-28
-2.2925442501124855e-24 -9.4016680546429163e-28
 8.6308674410501151e-24  3.5613844505911758e-27
 8.6308674410501122e-24  3.5613844505905566e-27
-3.2492360376212659e-23 -1.3488935317200683e-26
-3.2492360376212647e-23 -1.3488935317200930e-26
 1.2232022124176173e-22  5.1083723367826258e-26
 1.2232022124176159e-22  5.1083723367830201e-26
-4.6047443206511653e-22 -1.9343480747229011e-25
-4.6047443206511644e-22 -1.9343480747227820e-25
 1.7334173299381279e-21  7.3237756002134725e-25
 1.7334173299381271e-21  7.3237756002123678e-25
-6.5251602247225948e-21 -2.7725847690677227e-24
-6.5251602247226024e-21 -2.7725847690675974e-24
 2.4562340109511375e-20  1.0495063774010870e-23
 2.4562340109511375e-20  1.0495063774010617e-23
-9.2456808055321633e-20 -3.9722519524866369e-23
-9.2456808055321609e-20 -3.9722519524865364e-23
 3.4801561086884338e-19  1.5032836339707278e-22
 3.4801561086884391e-19  1.5032836339706867e-22
-1.3099336769934111e-18 -5.6885091266388598e-22
-1.3099336769934076e-18 -5.6885091266383670e-22
 4.9304972341798840e-18  2.1523371339957322e-21
 4.9304972341798825e-18  2.1523371339959282e-21
-1.8557652483416415e-17 -8.1428670097488117e-21
-1.8557652483416437e-17 -8.1428670097469956e-21
 6.9846771629307921e-17  3.0803527787984145e-20
 6.9846771629307921e-17  3.0803527787992986e-20
-2.6288190495653159e-16 -1.1651463707533060e-19
-2.6288190495653154e-16 -1.1651463707532222e-19
 9.8938695112235644e-16  4.4067483327503410e-19
 9.8938695112235486e-16  4.4067483327502563e-19
-3.7235986575974494e-15 -1.6665353801734294e-18
-3.7235986575974494e-15 -1.6665353801733645e-18
 1.4013635762396250e-14  6.3018799595403982e-18
 1.4013635762396290e-14  6.3018799595410684e-18
-5.2738786120649563e-14 -2.3827899728504435e-17
-5.2738786120649506e-14 -2.3827899728502829e-17
 1.9847273183490355e-13  9.0087011469132133e-17
 1.9847273183490355e-13  9.0087011469134290e-17
-7.4690101244281292e-13 -3.4056505522525941e-16
-7.4690101244281312e-13 -3.4056505522525069e-16
 2.8107149228637983e-12  1.2873604564398295e-15
 2.8107149228637930e-12  1.2873604564397605e-15
-1.0576991824194352e-11 -4.8658990472260998e-15
-1.0576991824194347e-11 -4.8658990472265092e-15
 3.9801480057412786e-11  1.8390330112726906e-14
 3.9801480057412773e-11  1.8390330112728001e-14
-1.4977110195638772e-10 -6.9499245989563525e-14
-1.4977110195638785e-10 -6.9499245989567905e-14
 5.6357100711581249e-10  2.6262460648588130e-13
 5.6357100711581249e-10  2.6262460648585515e-13
-2.1206116293202517e-09 -9.9232995221979455e-13
-2.1206116293202513e-09 -9.9232995221995147e-13
 7.9793143784946747e-09  3.7492354016483590e-12
 7.9793143784946664e-09  3.7492354016480076e-12
-3.0023548308890548e-08 -1.4164326050282279e-11
-3.0023548308890496e-08 -1.4164326050283389e-11
 1.1296672148633358e-07  5.3507651864972898e-11
 1.1296672148633358e-07  5.3507651864975153e-11
-4.2504132607313430e-07 -2.0211782847654848e-10
-4.2504132607313488e-07 -2.0211782847653519e-10
 1.5992044147900876e-06  7.6340892285081036e-10
 1.5992044147900880e-06  7.6340892285072092e-10
-6.0168479775688296e-06 -2.8833312581647460e-09
-6.0168479775688322e-06 -2.8833312581648895e-09
 2.2637394446761065e-05  1.0887815843437987e-08
 2.2637394446761075e-05  1.0887815843437693e-08
-8.5167924794983925e-05 -4.1132297017477750e-08
-8.5167924794983844e-05 -4.1132297017478875e-08
 3.2041926580885025e-04  1.5507611789993990e-07
 3.2041926580885036e-04  1.5507611789993090e-07
-1.2054570648979621e-03 -5.8893695543215049e-07
-1.2054570648979657e-03 -5.8893695543215070e-07
 4.5350759382086639e-03  1.1953421205857035e-06
 4.5350759382086570e-03  1.1953421205858126e-06
 1.0000000000000000e+00  0.0000000000000000e+00
 1.0000000000000000e+00  0.0000000000000000e+00
 oy !
time = 0.430395

 5.9800017675621883e-31  5.6092928722334683e-47
-1.1690724735458512e-30  2.8046464361167351e-47
-1.1690724735458525e-30  2.8046464361167365e-46
 5.9800017675621979e-31  2.1034848270875506e-47
 3.9573187401629140e-30 -1.1218585744466964e-46
 3.9573187401629203e-30 -2.2437171488933912e-46
-1.4174662729641546e-29 -8.9748685955735664e-46
-1.4174662729641504e-29 -0.0000000000000000e+00
 5.0714378629588442e-29 -3.5899474382294209e-45
 5.0714378629588375e-29  5.3849211573441345e-45
-1.8025561030241890e-28 -1.4359789752917684e-44
-1.8025561030241906e-28 -7.1798948764588456e-45
 6.3546738729101389e-28 -8.6158738517506043e-44
 6.3546738729101282e-28 -2.8719579505835348e-44
-2.2182882486283311e-27 -0.0000000000000000e+00
-2.2182882486283246e-27 -0.0000000000000000e+00
 7.6506475504771859e-27  4.5951327209336684e-43
 7.6506475504771744e-27  1.3785398162800994e-42
-2.5989133861480791e-26 -1.8380530883734673e-42
-2.5989133861480705e-26 -3.6761061767469322e-42
 8.6566792603015418e-26 -1.4704424706987706e-41
 8.6566792603015280e-26  7.3522123534938554e-42
-2.8079869543617117e-25 -5.8817698827950812e-41
-2.8079869543617135e-25 -5.8817698827950843e-41
 8.7703197585210019e-25 -1.1763539765590158e-40
 8.7703197585209891e-25 -2.3527079531180317e-40
-2.5837704600335197e-24 -9.4108318124721267e-40
-2.5837704600335135e-24 -1.4116247718708190e-39
 6.8688475537898608e-24 -1.8821663624944306e-39
 6.8688475537898431e-24 -1.8821663624944293e-39
-1.4496243829157387e-23  1.5057330899955445e-38
-1.4496243829157384e-23 -0.0000000000000000e+00
 9.4594167346118761e-24  7.5286654499777019e-38
 9.4594167346119143e-24 -6.0229323599821611e-38
 1.4329330716370635e-22 -0.0000000000000000e+00
 1.4329330716370675e-22 -1.2045864719964335e-37
-1.2481195072538989e-21  2.4091729439928657e-37
-1.2481195072539036e-21 -2.4091729439928665e-37
 7.5029230349614617e-21  1.9273383551942916e-36
 7.5029230349614797e-21 -3.8546767103885831e-36
-3.9330946605484381e-20  3.8546767103885858e-36
-3.9330946605484357e-20 -7.7093534207771756e-36
 1.9184583481836153e-19 -1.5418706841554373e-35
 1.9184583481836237e-19 -3.0837413683108729e-35
-8.9497533730985484e-19 -6.1674827366217458e-35
-8.9497533730985272e-19 -6.1674827366217394e-35
 4.0503120220451889e-18 -0.0000000000000000e+00
 4.0503120220451912e-18  3.7004896419730436e-34
-1.7930903576998280e-17  1.4801958567892169e-33
-1.7930903576998329e-17  2.4669930946486961e-33
 7.8064592575355104e-17  3.9471889514379091e-33
 7.8064592575355129e-17  3.9471889514379091e-33
-3.3542871797798590e-16  1.5788755805751656e-32
-3.3542871797798576e-16 -0.0000000000000000e+00
 1.4260733953217972e-15 -3.1577511611503311e-32
 1.4260733953217950e-15  3.1577511611503289e-32
-6.0101761391514129e-15 -2.5262009289202645e-31
-6.0101761391514129e-15 -1.2631004644601333e-31
 2.5144729952892317e-14 -0.0000000000000000e+00
 2.5144729952892412e-14 -5.0524018578405368e-31
-1.0454279168983773e-13 -4.0419214862724238e-30
-1.0454279168983771e-13 -7.0733626009767391e-30
 4.3231690921833844e-13 -1.0508995864308293e-28
 4.3231690921833879e-13 -9.2964194184265676e-29
-1.7793927108700803e-12 -1.4631755780306174e-27
-1.7793927108700827e-12 -1.4712594210031614e-27
 7.2937028242165654e-12 -2.1697034538310363e-26
 7.2937028242165573e-12 -2.1794040653980891e-26
-2.9787480447224731e-11 -3.1307107064071652e-25
-2.9787480447224731e-11 -3.1307107064071652e-25
 1.2125469034432957e-10 -4.4562022709294071e-24
 1.2125469034432957e-10 -4.4557495757229456e-24
-4.9213668369530657e-10 -6.2353979055171276e-23
-4.9213668369530739e-10 -6.2362256910375188e-23
 1.9921296155979832e-09 -8.5825216646649358e-22
 1.9921296155979849e-09 -8.5821905504567803e-22
-8.0445030306592135e-09 -1.1595834793838691e-20
-8.0445030306592217e-09 -1.1595834793838689e-20
 3.2413182443433221e-08 -1.5339713345173488e-19
 3.2413182443433208e-08 -1.5339686856036824e-19
-1.3033598998258154e-07 -1.9802430908987499e-18
-1.3033598998258132e-07 -1.9802415015505499e-18
 5.2311472519893052e-07 -2.4828984050582625e-17
 5.2311472519893063e-07 -2.4829001003630095e-17
-2.0959498315155878e-06 -3.0032557523124092e-16
-2.0959498315155908e-06 -3.0032565999647836e-16
 8.3843779133480674e-06 -3.4689616622033070e-15
 8.3843779133480725e-06 -3.4689614587667386e-15
-3.3489977172031893e-05 -3.7656614893095853e-14
-3.3489977172031914e-05 -3.7656615435593364e-14
 1.3358528753053728e-04 -3.7374121212078270e-13
 1.3358528753053736e-04 -3.7374121320577749e-13
-5.3214824657387772e-04 -3.2192289489137770e-12
-5.3214824657387696e-04 -3.2192289619337157e-12
 2.1174135393976787e-03 -2.1387499906381393e-11
 2.1174135393976791e-03 -2.1387499854301646e-11
-8.4135564887946740e-03 -7.0395360869127750e-11
-8.4135564887947035e-03 -7.0395361008007497e-11
 3.3426454112649079e-02 -5.4868067443153492e-11
 3.3426454112649051e-02 -5.4868069405906325e-11
 1.0000000000000000e+00  0.0000000000000000e+00
 1.0000000000000000e+00  0.0000000000000000e+00
 oy !
time = 3.268308

 4.3215165057931463e-31  8.3194468258833781e-47
-9.0135590394381779e-31 -4.3926679240664251e-46
-9.0135590394381884e-31  3.3277787303533547e-46
 4.3215165057931481e-31  4.2221192641358147e-47
 3.2985512145158965e-30 -5.3244459685653749e-46
 3.2985512145159119e-30  4.2595567748522979e-46
-1.2612580212385683e-29 -2.9816897423966094e-45
-1.2612580212385678e-29  4.2595567748522932e-46
 4.7856843086780649e-29 -6.8152908397636654e-45
 4.7856843086780817e-29 -3.7484099618700186e-44
-1.7938771351679610e-28 -6.8152908397636669e-44
-1.7938771351679724e-28 -9.5414071756691381e-44
 6.6309532815262303e-28  5.4522326718109304e-44
 6.6309532815262357e-28  5.4522326718109304e-44
-2.4117115097407031e-27 -6.5426792061731164e-43
-2.4117115097407045e-27 -0.0000000000000000e+00
 8.6031163753551828e-27  3.4894289099590043e-42
 8.6031163753551915e-27 -1.7447144549795009e-42
-2.9958006117286733e-26 -0.0000000000000000e+00
-2.9958006117286768e-26  3.4894289099590018e-42
 1.0108763208183682e-25 -1.3957715639835984e-41
 1.0108763208183700e-25 -0.0000000000000000e+00
-3.2648429996926349e-25  5.5830862559343947e-41
-3.2648429996926491e-25 -1.1166172511868794e-40
 9.8638789290769335e-25  4.4664690047475141e-40
 9.8638789290769794e-25 -2.2332345023737571e-40
-2.6496712027848095e-24 -8.9329380094950283e-40
-2.6496712027848124e-24 -0.0000000000000000e+00
 5.4059950787968761e-24 -1.4292700815192082e-38
 5.4059950787968284e-24 -1.4292700815192079e-38
-1.0738047621425483e-24 -0.0000000000000000e+00
-1.0738047621422725e-24 -2.8585401630384158e-38
-7.5954222186545615e-23  8.5756204891152272e-38
-7.5954222186546450e-23 -8.5756204891152272e-38
 6.1259517462155971e-22 -1.1434160652153638e-37
 6.1259517462156517e-22  3.4302481956460938e-37
-3.6185081487316715e-21 -0.0000000000000000e+00
-3.6185081487317054e-21  9.1473285217229173e-37
 1.8804888571170950e-20 -3.6589314086891636e-36
 1.8804888571171034e-20  1.8294657043445818e-36
-9.0878953929179780e-20 -1.4635725634756660e-35
-9.0878953929179984e-20 -2.9271451269513341e-35
 4.1830986863879646e-19 -8.7814353808540129e-35
 4.1830986863879882e-19  5.8542902539026735e-35
-1.8563606688480755e-18 -1.0537722457024812e-33
-1.8563606688480744e-18 -4.6834322031221337e-34
 7.9955494492212162e-18 -4.0980031777318649e-34
 7.9955494492212208e-18  8.1960063554637333e-34
-3.3544128307854477e-17  1.7270156249012864e-33
-3.3544128307854576e-17 -2.5173448091781475e-33
 1.3729549985777627e-16  5.6201186437465553e-33
 1.3729549985777639e-16 -5.9947932199963256e-32
-5.4824008816070039e-16 -2.6227220337483950e-31
-5.4824008816070088e-16 -1.4237633897491281e-31
 2.1325220780142642e-15 -1.6785421015989729e-30
 2.1325220780142630e-15 -2.6976569489983477e-30
-8.0528043268271646e-15 -2.6377090167983860e-29
-8.0528043268271693e-15 -2.5178131523984618e-29
 2.9340443266567094e-14 -2.3211839347825822e-28
 2.9340443266567119e-14 -2.3595506113905592e-28
-1.0203299510369279e-13 -1.8416004771828732e-27
-1.0203299510369257e-13 -1.8722938184692537e-27
 3.3182549795575841e-13 -1.0251575989651319e-26
 3.3182549795575725e-13 -1.0190189307078558e-26
-9.6556467788960830e-13 -1.9520965058138454e-26
-9.6556467788960446e-13 -1.9766511788429492e-26
 2.2122077824795717e-12 -3.0987997362730475e-25
 2.2122077824795717e-12 -3.0987997362730457e-25
-1.5718309232525645e-12 -3.1369085888142168e-23
-1.5718309232525306e-12 -3.1367121514299837e-23
-2.4776017852421391e-11 -1.1539006962174949e-21
-2.4776017852421488e-11 -1.1539006962174952e-21
 2.2717558052732357e-10 -2.9330128699768299e-20
 2.2717558052732487e-10 -2.9330081554796096e-20
-1.4155306767173707e-09 -6.0392985992381209e-19
-1.4155306767173756e-09 -6.0392979706384917e-19
 7.5624133901114822e-09 -1.0652425078727461e-17
 7.5624133901114954e-09 -1.0652425707327087e-17
-3.6817124587281888e-08 -1.6378249792818309e-16
-3.6817124587281927e-08 -1.6378249063642723e-16
 1.6680905612234614e-07 -2.1817872753619227e-15
 1.6680905612234598e-07 -2.1817872753619215e-15
-7.0579738890299010e-07 -2.4396548279358661e-14
-7.0579738890298978e-07 -2.4396548295450824e-14
 2.7575223129345923e-06 -2.1145871023973638e-13
 2.7575223129345987e-06 -2.1145871030410510e-13
-9.5914107438056299e-06 -1.1375328966591722e-12
-9.5914107438056400e-06 -1.1375328974315951e-12
 2.6488111118401082e-05 -1.4233655993698060e-12
 2.6488111118401086e-05 -1.4233655993698060e-12
-2.7170561131922068e-05 -8.1135742053419726e-11
-2.7170561131921973e-05 -8.1135742049300108e-11
-3.6334395347836659e-04 -4.9790442084763144e-09
-3.6334395347836345e-04 -4.9790442084433554e-09
 4.1303152760887515e-03 -1.0431933176450371e-07
 4.1303152760887342e-03 -1.0431933176456973e-07
-3.0812928929973778e-02 -5.1732225350196819e-07
-3.0812928929973973e-02 -5.1732225350249610e-07
 2.0783945734124457e-01 -5.9352049676174333e-07
 2.0783945734124437e-01 -5.9352049675037774e-07
 1.0000000000000000e+00  0.0000000000000000e+00
 1.0000000000000000e+00  0.0000000000000000e+00
 oy !
time = 10.000000

 7.4271883587089041e-32  5.2541943810609873e-47
-1.7336030616483319e-31  2.1016777524243961e-46
-1.7336030616483269e-31 -1.2933401553380906e-46
 7.4271883587088690e-32  7.8307704717735870e-47
 7.1768442250840225e-31 -1.4550076747553543e-46
 7.1768442250840637e-31 -4.0416879854315363e-46
-3.0301973424198911e-30 -7.4367058931940272e-46
-3.0301973424198848e-30 -3.1767667565491836e-45
 1.2550972774507949e-29 -6.9840368388256855e-45
 1.2550972774507911e-29  5.1733606213523624e-45
-5.0938796426933327e-29 -4.3456229219359819e-44
-5.0938796426934033e-29 -8.4843114190178744e-44
 2.0252443046035124e-28  3.3109507976655085e-44
 2.0252443046035182e-28 -6.6219015953310169e-44
-7.8786541954120283e-28  1.9865704785993052e-43
-7.8786541954120866e-28 -6.6219015953310167e-43
 2.9918136879521711e-27  5.2975212762648263e-43
 2.9918136879521801e-27 -1.0595042552529645e-42
-1.1044687466026420e-26  5.2975212762648274e-42
-1.1044687466026486e-26 -2.1190085105059292e-42
 3.9370733187089759e-26 -8.4760340420237029e-42
 3.9370733187089254e-26  8.4760340420237093e-42
-1.3395647531210698e-25 -3.3904136168094817e-41
-1.3395647531210646e-25  3.3904136168094827e-41
 4.2572178298857194e-25  1.3561654467237923e-40
 4.2572178298856726e-25 -0.0000000000000000e+00
-1.2053148350717286e-24 -1.6273985360685508e-39
-1.2053148350717306e-24 -2.1698647147580676e-39
 2.6390588097208889e-24 -4.3397294295161457e-39
 2.6390588097209036e-24 -2.1698647147580722e-39
-1.2472762681035968e-24 -2.1698647147580733e-38
-1.2472762681037081e-24  3.4717835436129155e-38
-3.3644518168959696e-23  2.2566593033483902e-37
-3.3644518168960060e-23  5.2076753154193626e-38
 2.9029498197488920e-22 -9.7209939221161465e-37
 2.9029498197488854e-22  3.4717835436129110e-37
-1.7682606390396180e-21 -2.7774268348903274e-37
-1.7682606390396349e-21  1.6664561009341977e-36
 9.3450878905199196e-21  2.2219414679122613e-36
 9.3450878905199933e-21 -2.2219414679122613e-36
-4.5431274986388164e-20  5.2215624495938168e-35
-4.5431274986388302e-20  5.3326595229894326e-35
 2.0800573099434944e-19 -9.9987366056052001e-35
 2.0800573099435078e-19 -2.0108570284606002e-34
-9.0606220999621896e-19 -3.9106169835255873e-34
-9.0606220999621992e-19 -7.6434786496181867e-34
 3.7665290870088869e-18 -2.2752680631421565e-33
 3.7665290870088784e-18 -1.7064510473566184e-33
-1.4908234793142384e-17 -2.2752680631421565e-33
-1.4908234793142415e-17 -0.0000000000000000e+00
 5.5709013695004995e-17  3.6404289010274488e-32
 5.5709013695004983e-17  1.3651608378852934e-32
-1.9285719605885055e-16  1.8202144505137263e-32
-1.9285719605885026e-16  1.8202144505137252e-32
 5.9249573918196183e-16 -1.0193200922876866e-30
 5.9249573918196203e-16 -6.5527720218494113e-31
-1.4250463498707166e-15 -5.3004644798959714e-29
-1.4250463498707288e-15 -5.2422176174795358e-29
 1.1073267748612433e-15 -1.5400470422906548e-27
 1.1073267748611547e-15 -1.5493665402772861e-27
 1.6396110075315124e-14 -3.4677852008251271e-26
 1.6396110075314956e-14 -3.4738428745164360e-26
-1.5367360834158454e-13 -6.4984859460772865e-25
-1.5367360834158515e-13 -6.5003498456746130e-25
 9.5781961486350061e-13 -1.0323357031758146e-23
 9.5781961486350727e-13 -1.0323431587742034e-23
-5.0189384926903539e-12 -1.3752922039390299e-22
-5.0189384926903475e-12 -1.3752542735822233e-22
 2.3369898732225508e-11 -1.4612412182037389e-21
 2.3369898732225514e-11 -1.4612477791303216e-21
-9.7620634845638307e-11 -1.0778342677287771e-20
-9.7620634845638333e-11 -1.0778318819372933e-20
 3.5802138758152315e-10 -3.3183916499990785e-20
 3.5802138758152340e-10 -3.3184011931650180e-20
-1.0634907616547168e-09 -1.6602192341147598e-19
-1.0634907616547145e-09 -1.6602146533951098e-19
 1.7454299174293091e-09 -2.6919456536226631e-17
 1.7454299174292814e-09 -2.6919457146989248e-17
 6.8246188859241149e-09 -1.0323967082744310e-15
 6.8246188859241595e-09 -1.0323967131605314e-15
-9.1820747888727781e-08 -2.2548620217432884e-14
-9.1820747888727318e-08 -2.2548620261407777e-14
 6.1495921913981160e-07 -3.1510915480095766e-13
 6.1495921913981139e-07 -3.1510915481683757e-13
-3.0983154102675631e-06 -2.4269492343300858e-12
-3.0983154102675674e-06 -2.4269492339391985e-12
 1.1828351565618884e-05 -4.1057059727080202e-12
 1.1828351565618874e-05 -4.1057059695809156e-12
-2.4964057250523760e-05 -1.8214382582826102e-10
-2.4964057250523709e-05 -1.8214382583076270e-10
-8.9727779661267571e-05 -1.0526860366498523e-08
-8.9727779661268248e-05 -1.0526860366508523e-08
 1.4308363974636445e-03 -1.2547632428492986e-07
 1.4308363974636377e-03 -1.2547632428478967e-07
-9.0901647807037998e-03 -1.4436971579638322e-07
-9.0901647807037807e-03 -1.4436971579654350e-07
 2.3922738194179217e-02 -3.7814480393984610e-06
 2.3922738194178637e-02 -3.7814480393958852e-06
 4.4987010319049198e-01 -6.5447537849351342e-06
 4.4987010319049170e-01 -6.5447537849200553e-06
 1.0000000000000000e+00  0.0000000000000000e+00
 1.0000000000000000e+00  0.0000000000000000e+00
 oy !
