 0.0000000000000000e+00
 0.0000000000000000e+00
-3.7153883282057471e+01
 0.0000000000000000e+00
-2.5178061976133186e-34
 4.1685272824375144e-07
-2.5115577120192767e-07
 7.4514822914949851e-25
 1.3064017389668568e-34
 0.0000000000000000e+00
 0.0000000000000000e+00
 2.5219082552484977e-34
-1.9459944189919951e-35
 1.0110708043290847e-06
-5.1956054086230493e-07
-1.8764522388614342e+01
 0.0000000000000000e+00
-1.1323096717350549e-34
 1.0297994884222162e-06
-5.2150241937151817e-07
-2.3924101298903083e-08
 8.9840532857443644e-09
 1.3366618568861110e-06
-5.9550694211959675e-07
 0.0000000000000000e+00
 0.0000000000000000e+00
 4.1975248765995212e-07
-2.4714362828346863e-07
-7.0396478057104156e-09
 2.1336925310441230e-09
 0.0000000000000000e+00
 0.0000000000000000e+00
-3.7555811231088590e+01
 0.0000000000000000e+00
 0.0000000000000000e+00
 4.1403180466825414e-07
-2.4138796532870812e-07
-1.5863367122737849e-08
 3.5019652039981868e-09
 0.0000000000000000e+00
 0.0000000000000000e+00
 0.0000000000000000e+00
 0.0000000000000000e+00
 1.0393470357548518e-06
-5.2173897362020445e-07
-2.5168538505274199e+01
-4.7524047997208614e-08
 1.4558572742018213e-08
 1.3359104553197474e-06
-5.9998045255296121e-07
-7.2355093979975279e-08
 2.4904600573566135e-08
 1.0100938153497621e-06
-5.0930255269060553e-07
-7.1134450760378179e-08
 1.5622993469473498e-08
 1.3454701884257856e-06
-6.0008254718771752e-07
-3.7412729057963261e-08
 1.4407816741089788e-08
 4.0753961380268620e-07
-2.4044144957704465e-07
-2.8294675841119746e-08
 1.4188161478034242e-09
 1.8213261056450721e-06
-6.9591025147430150e-07
-4.8942556249026524e+01
 0.0000000000000000e+00
 0.0000000000000000e+00
 1.8498593430245121e-06
-6.9603166017442278e-07
-5.6294482424377657e-08
 1.7788732412796496e-08
 2.0781076055255420e-06
-6.9011862225406146e-07
 0.0000000000000000e+00
 0.0000000000000000e+00
 1.8642207311392412e-06
-6.9374485539999977e-07
-5.5273059667652610e+01
-1.0760360772386948e-07
 3.0563042321433757e-08
 1.8267337242283139e-06
-6.8010341320964685e-07
-1.5515699237680852e-07
 3.5545006501815260e-08
 2.0877682626217976e-06
-7.0408982275219659e-07
-1.3300278331531434e-07
 3.2864356933550358e-08
 1.3183932821795425e-06
-5.9994930308979585e-07
-1.0715056499188438e-07
 2.9819960949998456e-08
 2.0953158749829757e-06
-6.9904522927864055e-07
-6.9802284993270661e-08
 1.9417172045451784e-08
-4.1356195571755528e-16
-4.6906690373275472e-16
-5.9651557772635357e+01
 0.0000000000000000e+00
 0.0000000000000000e+00
 3.8448343503105914e-07
-2.3644006946506167e-07
-4.5558211781042875e-08
-6.7750859833203798e-09
 0.0000000000000000e+00
 0.0000000000000000e+00
 0.0000000000000000e+00
 0.0000000000000000e+00
 9.9326100957699587e-07
-5.0442517330811335e-07
-4.3822054607867557e+01
-9.4044222033044571e-08
 1.1260673267716935e-08
 1.2747936830131173e-06
-5.9271716309855425e-07
-1.4083177604912501e-07
 2.6465083854132035e-08
 9.1766324286687732e-07
-4.9338164082776349e-07
-1.1159081417825547e-07
 8.0487202924437332e-09
 3.5574540181553352e-07
-2.3748484970122670e-07
-6.3988486926736345e-08
-1.2240818527970683e-08
 1.8037205725048156e-06
-6.7367937318067375e-07
-8.4394146393887539e+01
-1.9991818698502593e-07
 3.0203336624917453e-08
 2.0071475241925609e-06
-7.0660835743942605e-07
-2.4494568599658693e-07
 3.2016925189371038e-08
 1.6960059577852068e-06
-6.7010546386243313e-07
-2.3766244439331623e-07
 2.6603366495553702e-08
 2.0644968683412047e-06
-7.0821914988027619e-07
-1.9169834893755400e-07
 3.8056249238704463e-08
 1.2263606824589440e-06
-5.8273668283923815e-07
-1.7003256822600183e-07
 2.5094286863887114e-08
 2.4597473421382857e-06
-6.9983791556037112e-07
-9.6424678975194652e+01
 0.0000000000000000e+00
 0.0000000000000000e+00
 2.4956558921961607e-06
-6.9734144351682008e-07
-9.1535661549704234e-08
 2.1679444508052583e-08
 2.6469551018555989e-06
-6.5291310193453782e-07
 0.0000000000000000e+00
 0.0000000000000000e+00
 2.5136859741478495e-06
-6.9310331338562121e-07
-1.0683904647770129e+02
-1.7067380591320281e-07
 3.5518854386559157e-08
 2.4785191828875889e-06
-6.8049444758041129e-07
-2.3896708039198617e-07
 4.0214775722830241e-08
 2.6786514165451273e-06
-6.6646404757106561e-07
-1.9542147223287835e-07
 3.4601849924777452e-08
 2.6754513430439054e-06
-6.6035022073112137e-07
-1.0617477846902918e-07
 2.1758113283822991e-08
 2.4518833531696610e-06
-6.7313304284469235e-07
-1.3517347324813269e+02
-2.9888556174601139e-07
 3.4284977151115550e-08
 2.3260139337894854e-06
-6.7556332642716474e-07
-3.4851151392137340e-07
 3.1020343395670169e-08
 2.6061450722798689e-06
-6.7661551783565091e-07
-3.3305191210524070e-07
 3.7614665608867789e-08
 1.9391906061855837e-06
-7.0107456316015349e-07
-2.8993322885947090e-07
 2.7707400641329431e-08
 2.6611831517583562e-06
-6.7279778414851256e-07
-2.7038451725860000e-07
 3.9637714999391929e-08
 1.3106604463950293e+00
-9.1772042547021582e-01
 4.5098928704721622e-18
-2.3428232858805614e-20
-1.0198879870845257e+01
 3.5543159327455945e-18
 2.0308283273081473e-18
 1.3703396409631206e+00
-8.2595129331772177e-01
 2.9915672301261461e-07
-2.3101481943608230e-07
-7.6821756853473269e-08
-4.5389147255801653e-09
 6.3230518135070424e-01
-3.3103764082093412e-01
-8.7851846560798255e-18
-9.5535276538888525e-08
 1.4236107759044052e+00
-7.3031890189574100e-01
 8.8952020674831787e-07
-5.0698443551781766e-07
-2.8544367558825470e+00
-1.1891901778618385e-07
 1.1545648380310737e-08
 1.4614486316280910e+00
-6.5132102913681922e-01
 1.1471114189274288e-06
-5.5804566904298878e-07
-1.8930864877220429e-07
 3.7287509152151359e-08
 6.2445970458740374e-01
-3.4231938721611166e-01
 8.7337349761841491e-07
-3.7271952531735126e-07
 6.9312426721460696e-01
-5.0201690529712395e-01
 3.3984430643909352e-07
-2.1081152104326380e-07
 1.4948968223884380e+00
-5.7037034000323139e-01
 1.6562771444844637e-06
-6.9795667155939928e-07
-2.5278704882267977e+01
-2.6491209139292077e-07
 3.6217393704357840e-08
 1.5184385283719892e+00
-5.0437452218140921e-01
 1.8342607870238979e-06
-6.7679903845434840e-07
-3.2069654601181677e-07
 3.8761924715392753e-08
 6.1385391770111342e-01
-2.7599688164179054e-01
 1.6062663281810182e-06
-4.9601077634631642e-07
 6.1973528836892366e-01
-3.0269222180602012e-01
 1.1566750543008267e-06
-4.3833919794196209e-07
 1.5390672072329643e+00
-4.3740663876033364e-01
 2.2765633217068458e-06
-7.1460345481926164e-07
-6.7810839076374933e+01
-3.8519494567678342e-07
 4.3104789308341013e-08
 1.5534381823429722e+00
-3.8322655079513190e-01
 2.4186340590764316e-06
-6.5380913982649240e-07
-4.2510455204047723e-07
 4.7526214126254648e-08
 6.6122147172365742e-01
-2.1000675058205459e-01
 2.2240614342890827e-06
-4.9286649243745670e-07
 2.5319390244667676e-06
-6.7689198057330510e-07
-3.8576810892793895e-07
 3.7485397758146685e-08
 6.5862837709275068e-01
-2.4712326124241812e-01
 1.8220573149211446e-06
-5.2994459770937494e-07
 2.9207953013172022e-06
-6.1334757083421014e-07
-1.9523504896410086e+02
 0.0000000000000000e+00
 0.0000000000000000e+00
 2.9663055382368205e-06
-6.0047540612979875e-07
-1.2408707210860369e-07
 2.2753335859390605e-08
 3.0487509689068982e-06
-5.5098241434548997e-07
 0.0000000000000000e+00
 0.0000000000000000e+00
 2.9966080036912095e-06
-5.9141403523241869e-07
-2.0597092911585261e+02
-2.2130506205634516e-07
 3.5896769998650868e-08
 2.9861105424621844e-06
-5.7763205381650037e-07
-2.9601604406273287e-07
 4.4190937535492765e-08
 3.1183870263363278e-06
-5.2239227167596161e-07
-2.2495185778624057e-07
 3.8834764777221909e-08
 3.0931924293400039e-06
-5.3368144731530103e-07
-1.3001891976041747e-07
 2.2681926546763401e-08
 2.9758845304437717e-06
-5.7089553331414451e-07
-1.9508912193778494e+02
-3.5512574088894417e-07
 5.0826940443838088e-08
 2.8692935337376039e-06
-5.7632189117474744e-07
-4.0408498517630968e-07
 5.6905324979293810e-08
 3.0987691661661777e-06
-5.2052956156342219e-07
-3.4249635321276087e-07
 8.0375665184914340e-08
 3.1246000542826851e-06
-5.1795350351998585e-07
-2.9316991574762265e-07
 5.5929616153576366e-08
 1.5658994793524743e+00
-3.2857581326383500e-01
 2.8277267502986053e-06
-6.2356145964416496e-07
-1.6165690016256951e+02
-4.4307718384444396e-07
 6.3813496583887858e-08
 7.4322634008415156e-01
-1.6940560322673623e-01
 2.7927811164867889e-06
-4.1815162059904650e-07
 1.5744695426409034e+00
-2.8457633737685567e-01
 2.9626000235086187e-06
-5.0950257513671766e-07
-4.0965745052202730e-07
 9.9879868685418534e-08
 7.1687637256080539e-01
-1.9419242719478702e-01
 2.4053286293958783e-06
-5.1053766915250445e-07
 3.0477200738212551e-06
-5.2669908827750583e-07
-3.8247967810102310e-07
 9.9746740701826218e-08
-2.5463105448444864e-02
 3.0964626130019886e-02
-3.6015858757923930e-18
-1.2081341756467792e-07
-1.9597963519432153e+00
-4.6822844964085529e-02
-2.5334651200701763e-01
 3.5195793489653568e-07
-1.5128203629091581e-07
-6.1531508216804431e-01
 1.0632439856427831e-01
 3.1505774815413530e-18
-5.4879355239811116e-08
-7.9118688097888426e-02
-1.2075740375537006e-01
 8.9487876743326027e-07
-3.0100857365707123e-07
-9.5522116916162165e+00
-5.5641124206712883e-02
-1.0822219580895209e-01
 1.1352014736573995e-06
-3.0494358562962596e-07
-5.5216288748811548e-01
-2.2950470481560917e-02
 8.4547986616459037e-07
-1.3824594150030788e-07
-6.1310262782406511e-01
-9.8847444107512478e-02
 3.5483478678881209e-07
-9.0204396486765998e-08
-6.2255197209830693e-02
-1.0607471887551943e-01
 1.6016348898822567e-06
-3.9776385689469369e-07
-3.0603027981477304e+01
-1.9659980895742847e-03
-9.9140431928286393e-02
 1.7881248627526646e-06
-3.7060894505147334e-07
-4.8756365866200002e-01
-2.7960852514254363e-02
 1.5348278617168887e-06
-1.7987000920911577e-07
-5.0536424798747215e-01
-2.1645690782338058e-02
 1.1102814565395655e-06
-1.8939942962428314e-07
 1.0135582949538773e-02
-8.2045279563034396e-02
 2.2111120765486695e-06
-3.9205186029405309e-07
-7.5183458757742599e+01
 9.4916578790086803e-02
-8.4023121915363416e-02
 2.3771810375572456e-06
-3.5520693272715952e-07
-3.9052704710992886e-01
-2.2751804734553169e-02
 2.1518241771821784e-06
-1.6097075534144161e-07
-4.3192702639605146e-01
-2.7420662896323531e-02
 1.7521953228292329e-06
-2.2982657376938578e-07
 1.4432080130544286e-01
-7.5962583160656169e-02
 2.7852390471647199e-06
-3.2403087711124664e-07
-1.6934348351346424e+02
 2.6210421320346705e-01
-7.9453306886115765e-02
 2.9448750670713446e-06
-2.6089175967475315e-07
-2.1960995286419102e-01
-2.6623150880713611e-02
 2.7456737608685996e-06
-1.1607164416550166e-07
 8.1534408954278692e-01
-1.5847240231432552e-01
 2.9585385499486978e-06
-3.8819111560203894e-07
-3.0324707576030080e-01
-2.6845949319257593e-02
 2.3472968405402202e-06
-2.1368127001642166e-07
 3.2414816414238231e-06
-4.9276290610466848e-07
-3.8447002937816450e+02
 0.0000000000000000e+00
 0.0000000000000000e+00
 3.2997089137495098e-06
-4.3291020756525811e-07
-1.2054049181168775e-07
 2.5549881573607558e-08
 3.3386707917258729e-06
-4.3090465292632345e-07
 0.0000000000000000e+00
 0.0000000000000000e+00
 3.3445830126855617e-06
-3.8773477042500094e-07
-3.6659271689593521e+02
-2.0175665460826875e-07
 5.1947192415681733e-08
 3.3657799927320485e-06
-3.5141319689678125e-07
-2.5518974137556727e-07
 8.9007024322807160e-08
 3.4389023231944816e-06
-2.8845574962903723e-07
-1.4839484799746060e-07
 7.0890376117104101e-08
 3.3963254294215545e-06
-3.4984537495950614e-07
-9.3708631681451526e-08
 2.8613364378195952e-08
 3.3867482430347130e-06
-3.3400466044174999e-07
-2.6796239465186324e+02
-2.9076220897665520e-07
 1.4383685870730857e-07
 3.3417585944025523e-06
-3.3009852416974124e-07
-3.1748030936950443e-07
 1.8441545071988175e-07
 3.4797466062935102e-06
-2.1914740237315380e-07
-2.0306975809690864e-07
 2.2781356879729313e-07
 3.4671834605009083e-06
-2.4296224874620601e-07
-1.8205214100547909e-07
 1.3526715512327106e-07
 1.5818084021781629e+00
-2.4035547926956177e-01
 3.3429660219161156e-06
-3.7694566293268972e-07
-3.5099624687285689e+02
-3.2891070916041547e-07
 1.8193193017324444e-07
 8.9107317910714146e-01
-1.3655396834340047e-01
 3.3338091310357468e-06
-2.2742979374899583e-07
 1.5867655563434444e+00
-2.0484838991265195e-01
 3.4677326573720093e-06
-1.8640774707180067e-07
-2.1206729655840430e-07
 2.8856493497655989e-07
 3.4763875319140265e-06
-2.0959463902741298e-07
-2.1815517595330057e-07
 2.9677086749828269e-07
 3.9084440004278687e-01
-7.0272089948951649e-02
 3.3380070945021666e-06
-1.4871684035400749e-07
-3.5816442351498654e+02
 8.8007461234898693e-02
-2.8819582660639997e-02
 3.3218386767023036e-06
-7.1475556562935976e-10
 5.2943817553856154e-01
-7.6206960561347098e-02
 3.4748189755708351e-06
-3.7577881893063470e-08
-8.8898968248824775e-02
-3.0930642766443233e-02
 2.9289273245132605e-06
-1.3749598112946048e-07
 9.7131289332658199e-01
-1.3022850385933502e-01
 3.4739734584843815e-06
-1.1095845161262484e-07
-8.3105933377424135e-01
 4.1262510220969177e-06
-3.1739987942730557e-18
-2.3701101641827858e-08
 2.5180376179911388e+00
-8.3289709791613475e-01
 3.7852954812146555e-06
 3.2225437984163901e-07
-1.0788700153278578e-08
-6.1531971974350208e-01
-1.0631806795116575e-01
-9.1141626153237462e-18
 4.6111787027361074e-08
-7.1755992346274911e-01
 5.3813422436870526e-06
 8.2526145159738025e-07
-5.8475421448278355e-08
-1.2226980278598065e+01
-6.6021448432041141e-01
 7.4662087650313141e-06
 1.0516108657270708e-06
-6.1009557553224332e-08
-5.5216916060253129e-01
 2.2960026847135478e-02
 7.3929872401765406e-07
 8.4023362463089072e-08
-6.1311150561193195e-01
 9.8854953114197619e-02
 3.0406973910893903e-07
 4.8283594413325702e-08
-6.3299548214689461e-01
 1.0037752720097453e-05
 1.5017459510378866e-06
-7.7522886643732687e-08
-3.2492321416470304e+01
-5.7835205210684737e-01
 1.2929906016393846e-05
 1.6935454933883131e-06
-7.4746123530166414e-08
-4.8756819602949569e-01
 2.7980962993570210e-02
 1.4078542790334425e-06
 1.2761932791585508e-07
-5.0537875604499161e-01
 2.1659778385549975e-02
 9.9520072701977738e-07
 4.3567814845409592e-08
-5.2591610448115023e-01
 1.4918786101684996e-05
 2.1210850700984038e-06
-5.7439620429598231e-08
-7.7839831065639601e+01
-4.3733685633749408e-01
 1.3183950166699090e-05
 2.3020501387932363e-06
-5.8908944228453253e-08
-3.9052552521653339e-01
 2.2782003504354765e-02
 2.0431737543641387e-06
 1.6734311727640331e-07
-4.3195171364918256e-01
 2.7444925053782685e-02
 1.6354857032436981e-06
 5.8560004142517963e-08
-3.4170211378910992e-01
 1.7167179891534991e-05
 2.7261432078052244e-06
-2.2122173041931135e-08
-1.7198589415127489e+02
-2.0636868576065312e-01
 1.9723241975304080e-05
 2.9027782081049755e-06
-7.6703825805427215e-09
-2.1958899562113185e-01
 2.6659902352908063e-02
 2.6744048183989509e-06
 1.8106065347437746e-07
-3.0327407536763989e-01
 2.6870346654073694e-02
 2.2566946209550859e-06
 7.9244797259889545e-08
-1.3329821169765388e-02
 2.6012177200772157e-05
 3.3153604898415202e-06
 7.6122426333620068e-08
-3.6060156134374120e+02
 1.5848538743675283e-01
 2.9142734429624113e-06
 3.4641428905841986e-06
 1.1833394641630610e-07
 8.8040504173462347e-02
 2.8872007329740476e-02
 3.2900134770189184e-06
 2.2021855261201607e-07
 2.5114416293002162e-01
-3.4365437847783113e-02
 3.4725383110455496e-06
 4.1352521475996295e-08
-8.8917659158692444e-02
 3.0967212303790140e-02
 2.8752336762159025e-06
 1.1532847656991505e-07
 3.4891029778365681e-06
-3.7116547170042800e-07
-5.9764885458352933e+02
 0.0000000000000000e+00
 0.0000000000000000e+00
 3.5553679243741556e-06
-2.4139080328840108e-07
-3.5529614258811325e-08
 3.3596477853505300e-08
 3.5687962010307707e-06
-3.1484476881830600e-07
 0.0000000000000000e+00
 0.0000000000000000e+00
 3.6010632368611066e-06
-1.2512961348103343e-07
-5.1418851376870873e+02
-4.8011741290742623e-08
 9.8062848851670268e-08
 3.6353914060850890e-06
-4.6155288418557980e-08
-5.3347258367783999e-08
 1.9890724432844349e-07
 3.6764080805375832e-06
-5.0617070172408426e-08
 6.6966007749420425e-08
 1.1891149792221178e-07
 3.6318672346680297e-06
-1.6929671305172666e-07
 3.1946684772535797e-08
 3.7405954835698498e-08
 3.6655402083836357e-06
 1.1483666100609121e-08
-3.6483690884302530e+02
-5.8100140603456641e-08
 3.4043909677938990e-07
 3.6844818896861618e-06
 5.0312660830072991e-08
-6.5203196153590474e-08
 4.4599435230078245e-07
 3.7290976006809393e-06
 1.2066818941180029e-07
 1.0154111438715870e-07
 4.3536612921222082e-07
 3.7052030215509949e-06
 4.5650728104983013e-08
 9.1452980667233831e-08
 2.4959203787131387e-07
 1.5909427631346622e+00
-1.6924204561252018e-01
 3.7477576644913296e-06
 3.8192078662571387e-08
-6.8525953670896172e+02
-4.1029494926882837e-08
 4.4191365437119576e-07
 1.1265782176988897e+00
-1.1329746131483399e-01
 3.7572980320157041e-06
 9.4699029322929596e-08
 1.5936985680787223e+00
-1.4066007589151652e-01
 3.8244182233636176e-06
 2.5046033867061344e-07
 1.1289755012945777e-07
 5.7804865787090595e-07
 3.7568674040955334e-06
 1.8409693785617356e-07
 9.6510270973611601e-08
 5.7905899503975899e-07
 7.8981241565321703e-01
-6.9055966548024303e-02
 3.7691819571747725e-06
 1.3353063630363160e-07
-6.8892218899000079e+02
 5.8587557808572044e-01
-3.2585089601003522e-02
 3.7720009670504987e-06
 1.8798742311484327e-07
 9.3235467088723367e-01
-7.0004787055873735e-02
 3.8425817029454838e-06
 2.7031645340529960e-07
 1.2070255246167922e+00
-1.0456097574367636e-01
 3.8348879502151422e-06
 2.6120043773085606e-07
 5.1760087095573770e-01
 1.3122828786817148e-06
 3.7759971918452114e-06
 2.2533213244676819e-07
-6.9011204127217468e+02
 5.8588816133104571e-01
 3.2585656757672811e-02
 3.7720765009282631e-06
 2.7756133285330355e-07
 7.0361418491577676e-01
 1.7580356267143592e-05
 3.8500829059747739e-06
 2.9289845003626008e-07
 2.5114091579539338e-01
 3.4367156166526254e-02
 3.4526840619552673e-06
 1.9889531323301594e-07
 7.6058043880589354e-01
-3.4795827475380015e-02
 3.8478182622479877e-06
 2.8244380214403500e-07
-2.5477526275401750e-02
-3.0965961949284311e-02
-2.1778981193010571e-18
 5.5562389441906558e-08
-1.9596739596219217e+00
-4.6837873032520821e-02
 2.5335353504502345e-01
 2.4443763266130146e-07
 9.6103430033855386e-08
 6.3229903730582504e-01
 3.3102568252087183e-01
-5.1266021765032063e-18
 4.5060728339855157e-08
-7.9141742192602865e-02
 1.2076223288117686e-01
 6.8115826398247451e-07
 1.4591548881739290e-07
-9.5524308014316599e+00
-5.5663089596183567e-02
 1.0823359439529204e-01
 9.0518702636382054e-07
 1.5047667701658456e-07
 6.2444826496937889e-01
 3.4232648490320711e-01
 5.6408774809523345e-07
 2.3806413303948265e-07
 6.9310580954873391e-01
 5.0202132604181582e-01
 2.0958906698104241e-07
 1.0686809213366530e-07
-6.2282645792813417e-02
 1.0609180749775536e-01
 1.3449604819695861e-06
 2.1866184439030841e-07
-3.0603693304528534e+01
-2.0027757193033357e-03
 9.9160692486029434e-02
 1.5541761120672388e-06
 2.0348828228790676e-07
 6.1386095839214938e-01
 2.7602264915325725e-01
 1.2282863803033950e-06
 3.8759034395274871e-07
 6.1970972481998543e-01
 3.0270057065440631e-01
 8.2393129278457377e-07
 2.3001972706115962e-07
 1.0086308801563611e-02
 8.2067595088269010e-02
 1.9919018158330745e-06
 2.6346616073969482e-07
-7.5185119134000431e+01
 9.4869759064695997e-02
 8.4043204581169109e-02
 2.1949268305009070e-06
 2.3141705938512755e-07
 6.6123988984478776e-01
 2.1004029267026639e-01
 1.8995487064445848e-06
 4.6236519537320792e-07
 6.5858379014597923e-01
 2.4713816049501250e-01
 1.4774988351286007e-06
 3.2687995989119442e-07
 1.4430416467267573e-01
 7.5991323662820742e-02
 2.6419296425808260e-06
 2.6928440372559465e-07
-1.6934621906795857e+02
 2.6206970699375931e-01
 7.9481905008224565e-02
 2.8369293608754048e-06
 2.4613372598960972e-07
 7.4329340140628286e-01
 1.6944379964078779e-01
 2.5819014370692367e-06
 4.5540952918496665e-07
 7.1681235765711604e-01
 1.9420689184019227e-01
 2.1343521741737686e-06
 3.6745630433674856e-07
 3.9084615942138257e-01
 7.0307440329434187e-02
 3.2737650533411833e-06
 2.9303791071802752e-07
-3.5816924270849631e+02
 5.2943465493566888e-01
 7.6200518301271516e-02
 3.4346917811126228e-06
 2.7830996532609560e-07
 8.9116541624036671e-01
 1.3658160554750828e-01
 3.2423324942833958e-06
 4.2827014986011963e-07
 8.1532099850963669e-01
 1.5849117164843740e-01
 2.7976721359661209e-06
 3.6889208127605407e-07
 7.8985026223361499e-01
 6.9047318250147635e-02
 3.7687630912261589e-06
 3.1301715147975006e-07
-6.8892457335590927e+02
 9.3238874314319664e-01
 7.0020494339885969e-02
 3.8465455807183815e-06
 3.1799811089187475e-07
 1.1266693106018464e+00
 1.1327507246478580e-01
 3.7591594834871532e-06
 3.6221842036880303e-07
 7.6059731348430204e-01
 3.4824972589493221e-02
 3.8497871962707910e-06
 3.0622674662460459e-07
 9.7132690515212483e-01
 1.3021124737554385e-01
 3.4138018773553326e-06
 3.5955101599400448e-07
 3.6823763810519420e-06
-2.5855260674991879e-07
-6.5612266856461792e+02
 0.0000000000000000e+00
 0.0000000000000000e+00
 3.7457360079270355e-06
-1.0007524804859428e-07
 1.1864317466433164e-07
 3.9452413877573439e-08
 3.7375867214358467e-06
-2.0846402537369147e-07
 0.0000000000000000e+00
 0.0000000000000000e+00
 3.7856002157717981e-06
 5.5259472919921274e-08
-5.3640898222393025e+02
 2.1011401234442174e-07
 1.3331278311439154e-07
 3.8131130383769005e-06
 1.5840837611417637e-07
 2.7182892666564925e-07
 2.8657731813767422e-07
 3.8401283458760842e-06
 7.7926756222089215e-08
 3.3361393939822839e-07
 1.3117749304066483e-07
 3.8000142132650601e-06
-5.5423350094777724e-08
 1.9404965529198505e-07
 3.8569212080234065e-08
 3.8259717129439464e-06
 2.6680754853326568e-07
-3.9225847265621155e+02
 3.0380240533928831e-07
 5.1033371920606208e-07
 3.8502923249811673e-06
 3.5740095275194749e-07
 3.0271421932901078e-07
 6.8603220300849670e-07
 3.8669473899072994e-06
 2.9474779245063635e-07
 4.8222312517073637e-07
 5.2515446459893409e-07
 3.8576087636638526e-06
 1.8730680716112453e-07
 4.2855841834285861e-07
 2.8679348357423389e-07
 1.5959462192510456e+00
-1.1203129946580638e-01
 3.9235816801507689e-06
 4.3558509595027641e-07
-1.1002529193498938e+03
 3.1281633241401356e-07
 6.8926814549274085e-07
 1.4178723256567676e+00
-9.2719044558850244e-02
 3.9323482585922750e-06
 4.1631436269712537e-07
 1.5973922189323082e+00
-8.9042141005535855e-02
 3.9269502277569745e-06
 5.3233306742175376e-07
 4.6499936648815014e-07
 7.2540795179057716e-07
 3.8755044500299200e-06
 4.0673715621415212e-07
 4.8819264511355159e-07
 7.1729438826135887e-07
 1.2882152009786114e+00
-6.5905927517458301e-02
 3.9398961071121816e-06
 3.9922398947120608e-07
-1.0974977631769816e+03
 1.2097928086427363e+00
-3.4191388474388351e-02
 3.9449129492356467e-06
 3.7907851797951822e-07
 1.4556363858221650e+00
-5.6402703167304800e-02
 3.9348921416165989e-06
 4.5640194315674254e-07
 1.5137320972301158e+00
-7.6619942117512996e-02
 3.9315895472488914e-06
 4.9372774949162459e-07
 1.1835129265546140e+00
 2.8778190006816021e-05
 3.9484678296661038e-06
 3.6151038773733169e-07
-1.0965017760860369e+03
 1.2098259124573107e+00
 3.4241194796051783e-02
 3.9496423184836463e-06
 3.4085878230829831e-07
 1.4082703586198020e+00
-3.4614441680062185e-05
 3.9384769133145610e-06
 3.7822411959480916e-07
 1.4199845029917011e+00
-2.9690416869310569e-02
 3.9372743805204842e-06
 4.1670509410522417e-07
 1.2882730057103777e+00
 6.5939397338751801e-02
 3.9491595653979225e-06
 3.2306119458485817e-07
-1.0975074074022109e+03
 1.4179622490466133e+00
 9.2730937870140306e-02
 3.9464820239704329e-06
 3.0218987464531173e-07
 1.4557079167411433e+00
 5.6364233495820718e-02
 3.9380849344582578e-06
 3.0038595894311619e-07
 1.2070839072293729e+00
 1.0455522196507856e-01
 3.8411680181146175e-06
 3.3239855776305470e-07
 1.4200236725028033e+00
 2.9629296622507052e-02
 3.9387983538118190e-06
 3.3875577191298379e-07
 1.3106634785876818e+00
 9.1769532621193695e-01
 2.9531764472290053e-19
-4.2384564894450046e-09
-1.0198467007637081e+01
 1.3703272875717911e+00
 8.2595613674942381e-01
 1.3890990944306547e-07
 8.5967524189332457e-08
 1.4235987453353336e+00
 7.3032307794841833e-01
 5.0281275740084382e-07
 2.5874903882096674e-07
-2.8547462848222467e+00
 1.4614288493847585e+00
 6.5132593978682041e-01
 7.0404794794058787e-07
 3.0678167810912563e-07
 1.4948765982967105e+00
 5.7039111967778122e-01
 1.1717829805201769e-06
 4.4635403549688482e-07
-2.5279701631158108e+01
 1.5184175947014167e+00
 5.0438872210996211e-01
 1.3707819315738100e-06
 4.6342704877906406e-07
 1.5390438390270531e+00
 4.3742980243540541e-01
 1.8562704447147885e-06
 5.3460525224035442e-07
-6.7813587278552973e+01
 1.5534225819180962e+00
 3.8324709244781624e-01
 2.0512823980490183e-06
 5.2045810429911888e-07
 1.5658939247728099e+00
 3.2859787123497580e-01
 2.5523815209646322e-06
 5.2846658231348161e-07
-1.6166164096827438e+02
 1.5744877375457196e+00
 2.8458466017066153e-01
 2.7448465974794934e-06
 5.0193435523557057e-07
 1.5818448900079247e+00
 2.4034756879684671e-01
 3.2237128404680646e-06
 4.9338398710498544e-07
-3.5100563849323510e+02
 1.5868359154156637e+00
 2.0482148893178573e-01
 3.3853006854269493e-06
 4.4096977994539455e-07
 1.5910293494556416e+00
 1.6919147906560453e-01
 3.7502785112873860e-06
 3.9500660832949716e-07
-6.8526421889600158e+02
 1.5938082561470108e+00
 1.4062471003340218e-01
 3.8329968018165492e-06
 3.4551802539913322e-07
 1.5960743195474161e+00
 1.1201283342393885e-01
 3.9419519076595336e-06
 2.8433873826406664e-07
-1.1002703474321447e+03
 1.5975175217515496e+00
 8.9094542103287364e-02
 3.9344854743663026e-06
 2.2546127499159656e-07
 1.5138300715337465e+00
 7.6619905879168448e-02
 3.9367120034387245e-06
 2.6244237705170009e-07
 3.8085159480061913e-06
-1.5772433020971471e-07
-5.0100960968653197e+02
 0.0000000000000000e+00
 0.0000000000000000e+00
 3.8651681705892438e-06
-2.8975260861800043e-08
 2.6765570857972295e-07
 3.4648703168863631e-08
 3.8360362839017367e-06
-1.1464306347783750e-07
 0.0000000000000000e+00
 0.0000000000000000e+00
 3.9012728320903707e-06
 9.6707037670798619e-08
-4.2102420518948861e+02
 4.5291250114569974e-07
 1.1617353566885583e-07
 3.9137130883828440e-06
 1.8454973230637095e-07
 5.7804093044909395e-07
 2.5714339110192459e-07
 3.9320844000490722e-06
 8.2456968987172694e-08
 5.3459927628310854e-07
 9.2609065013045859e-08
 3.8962979681664230e-06
-1.0324381684545667e-08
 3.1811251882038678e-07
 2.7894574726875420e-08
 3.9114585057700286e-06
 2.9452733138721162e-07
-2.6336147014931697e+02
 6.5684664665567763e-07
 4.8505397153440285e-07
 3.8966278880044050e-06
 4.0203639793368206e-07
 6.8437899629512545e-07
 6.7033385377881931e-07
 3.9333318552633706e-06
 2.4719893471660013e-07
 7.8005946348854263e-07
 3.9840290944664506e-07
 3.9370757173165894e-06
 1.6013138967206000e-07
 6.8089253356356239e-07
 2.0704695330116953e-07
 1.5984776198532451e+00
-6.6032452173129474e-02
 3.8924129929313431e-06
 5.3445191398662194e-07
-1.2445928008391807e+03
 6.4063949710076227e-07
 6.6869807792841647e-07
 1.6776865957812970e+00
-6.6129229315255403e-02
 3.8899335764490965e-06
 4.8910910848547006e-07
 1.5991662971744602e+00
-4.7608122888696841e-02
 3.8508388944397366e-06
 4.6196749568064891e-07
 7.7791507995300509e-07
 5.5355365413078538e-07
 3.9005072175816825e-06
 3.4513030661851459e-07
 8.3194317265227068e-07
 5.5497022936739375e-07
 1.7350432801175493e+00
-5.1945261557427846e-02
 3.8880457451830710e-06
 4.4087662576239943e-07
-1.2368606986635486e+03
 1.7701442677356483e+00
-2.8383248508880028e-02
 3.8856662677842530e-06
 3.9545067241000366e-07
 1.9383045651768658e+00
-3.5985856932480888e-02
 3.8414306609415153e-06
 3.7608703693060886e-07
 1.7969361488876681e+00
-4.6129300211875349e-02
 3.8462599863985233e-06
 4.1745880698480290e-07
 1.7819021365431880e+00
-6.2438092985969064e-05
 3.8836390616179593e-06
 3.4714190366999538e-07
-1.2341692575992347e+03
 1.7701879337311970e+00
 2.8276631359168237e-02
 3.8811061665818537e-06
 3.0182795149417874e-07
 2.0552528821549676e+00
 3.3658301388842725e-04
 3.8327524360245350e-06
 2.8739981572577924e-07
 2.0260572776697092e+00
-1.9374981347055294e-02
 3.8371099058612588e-06
 3.3017115881689040e-07
 1.7351345782985790e+00
 5.1885126457595493e-02
 3.8787423316720929e-06
 2.5367389881165092e-07
-1.2368168697054637e+03
 1.6778113770700693e+00
 6.6146810254540250e-02
 3.8758794965506601e-06
 2.0865025245048758e-07
 1.9383339054490956e+00
 3.6532066612698012e-02
 3.8255262567908692e-06
 1.9835465680902462e-07
 2.0260668541895530e+00
 2.0014336700220743e-02
 3.8290932138976357e-06
 2.4133365386935276e-07
 1.5986316012817388e+00
 6.6159536329730997e-02
 3.8730435374689749e-06
 1.6088763376931899e-07
-1.2445093674859736e+03
 1.5992858732404140e+00
 4.7799254206067426e-02
 3.8200539214378509e-06
 1.1142775704860214e-07
 1.7969983469778981e+00
 4.6527442122901573e-02
 3.8227266411839622e-06
 1.5341253392228158e-07
 3.8672259495228158e-06
-7.1177581485004494e-08
-2.4948548243826409e+02
 0.0000000000000000e+00
 0.0000000000000000e+00
 3.9241539799362641e-06
-4.1539942701226300e-10
 3.5695915705746976e-07
 1.8864051521808234e-08
 3.8782890852121800e-06
-3.5724514668930017e-08
 0.0000000000000000e+00
 0.0000000000000000e+00
 3.9587016858700510e-06
 5.2600860070713815e-08
-2.1863658869107286e+02
 5.9656539253817283e-07
 6.1544740226387617e-08
 3.9560685446385565e-06
 1.0396072996644516e-07
 7.5774755268092299e-07
 1.3813035803039256e-07
 3.9654730101625241e-06
 3.3374009035489818e-08
 6.2636056975306158e-07
 3.2115165356891426e-08
 3.9331740990986506e-06
 4.3547828827734892e-09
 3.7502652058397466e-07
 9.7980952987972629e-09
 3.9561055493532354e-06
 1.8170447983212598e-07
-1.1390750486017764e+02
 8.7341244806243535e-07
 2.6994888762700046e-07
 3.8956715302903312e-06
 2.3468833699658608e-07
 9.4866666294974575e-07
 3.7939633152214743e-07
 3.9628903725405976e-06
 8.7927394989605100e-08
 9.1857013946737846e-07
 1.4156992444790333e-07
 3.9670696610744945e-06
 5.5278823474700744e-08
 7.9454862123915092e-07
 7.2473581301093485e-08
 1.5996173058030516e+00
-2.9186734503085603e-02
 3.8112457267527574e-06
 3.2104766527169665e-07
-7.8026735354540403e+02
 8.8821168278050099e-07
 3.7426970381680177e-07
 1.8572894716773105e+00
-3.4303773878522827e-02
 3.7992070448170782e-06
 2.9787763824423128e-07
 1.5999084977702875e+00
-1.4468360889605781e-02
 3.7658602614336537e-06
 1.7857077298497063e-07
 9.4601602364771744e-07
 2.0420282651489452e-07
 3.8926759721731476e-06
 1.2585871142069051e-07
 1.0078767283934468e-06
 1.9903710459271397e-07
 2.0451019142113398e+00
-2.8554185480899993e-02
 3.7908698034061411e-06
 2.5692696350125822e-07
-7.7386487089080265e+02
 2.1595887640274589e+00
-1.5763027388348932e-02
 3.7815404545993632e-06
 2.3374164670142249e-07
 2.2137894755411662e+00
-1.0252786790848713e-02
 3.7459483137671232e-06
 1.4041005642617413e-07
 1.9596585581473682e+00
-1.3338337133770082e-02
 3.7554074952427121e-06
 1.6106182130313737e-07
 2.1979983309663726e+00
 4.6743797767344547e-04
 3.7755226888802305e-06
 1.9265578360384373e-07
-7.7186758171903080e+02
 2.1596554745268435e+00
 1.6660583214559935e-02
 3.7687995260998902e-06
 1.6958145007702013e-07
 2.4201781304190053e+00
-4.2549725532257460e-04
 3.7292415276121691e-06
 1.0177939627302128e-07
 2.3687737729504361e+00
-5.7281205514451471e-03
 3.7370825043376428e-06
 1.2271570053853918e-07
 2.0452749575936280e+00
 2.9326844365152455e-02
 3.7649272287644792e-06
 1.2857143584837955e-07
-7.7405520397305997e+02
 1.8574234297153605e+00
 3.4864743086045653e-02
 3.7606056111407322e-06
 1.0563794715779613e-07
 2.2139430852789754e+00
 9.6809551064170416e-03
 3.7161079727097988e-06
 6.3011685130532731e-08
 2.3688467126258974e+00
 4.9473829002078754e-03
 3.7221417844223123e-06
 8.4034754447654986e-08
 1.5997292546666648e+00
 2.9434435541476560e-02
 3.7589375773275031e-06
 6.4881025627008088e-08
-7.8064772704212089e+02
 1.5999321370629926e+00
 1.4738665019195111e-02
 3.7068512196924539e-06
 2.4576005725106832e-08
 1.9597876681148947e+00
 1.3118506811456588e-02
 3.7109769164959465e-06
 4.5437208856620499e-08
 3.8894127143675205e-06
-2.3215884436736351e-10
-4.4925912663110162e-01
 0.0000000000000000e+00
 0.0000000000000000e+00
 3.9343841588882914e-06
 4.8854227147106730e-09
 3.8080303251611084e-07
 1.0618903305904245e-10
 3.8663594773483959e-06
 7.4001034246207986e-08
 0.0000000000000000e+00
 0.0000000000000000e+00
 3.9769175077788333e-06
 4.3307637986143591e-11
 3.0460790760061944e+00
 6.3576369235727471e-07
 8.2952254449089723e-10
 3.9676397476801338e-06
 7.0766849533213824e-09
 8.0748262980097890e-07
 2.1073156417168189e-09
 3.9560769941532481e-06
-6.1557143969183836e-08
 5.9298429832361855e-07
-6.1584538058720212e-08
 3.9206138335082772e-06
-1.8625963103546147e-09
 3.5497475110095768e-07
-1.8521972391130284e-08
 3.9688582506015579e-06
 7.7062555991098710e-09
-5.9555072887053493e+00
 9.3325678041033627e-07
 2.5169331958612247e-09
 3.8905617132211417e-06
 9.5743655236570356e-09
 1.0220501478018827e-06
 2.7020765955025607e-09
 3.9481887383359919e-06
-1.7472298768296860e-07
 8.6988421300140442e-07
-2.7035452061690470e-07
 3.9601508937077725e-06
-1.1615150987798644e-07
 7.5432781807834603e-07
-1.3931422248634105e-07
 1.6000070736945173e+00
 2.7250773158496965e-04
 3.7628404881060084e-06
 6.4518292144476894e-09
 5.4898044467280961e+01
 9.3577684790113789e-07
 5.6345183830368211e-09
 1.8551722994840185e+00
 1.6079108105684034e-03
 3.7492945361559078e-06
 5.3101199733833018e-09
 1.5997757671272936e+00
 3.0852323129015993e-02
 3.7978414550882977e-06
-3.2765553228900537e-07
 8.9014951075572278e-07
-3.8374507425487730e-07
 3.8957712992587764e-06
-2.4310951172925041e-07
 9.4537371318227177e-07
-3.7918216782671200e-07
 1.8829064570404856e+00
 3.0049545139354126e-02
 3.7886773113383412e-06
-2.9911133784484804e-07
 2.0407385428996192e+00
 8.4646168707493803e-04
 3.7372913139205248e-06
 4.9336010000122521e-09
 5.4206950083933599e+01
 2.1537938129835914e+00
-7.9822517349308455e-04
 3.7258536356507066e-06
 3.0789762554177746e-09
 2.0879482268631020e+00
 2.4475219312382716e-02
 3.7811472646657700e-06
-2.6461944652251530e-07
 2.2246854821162425e+00
 1.4573436448966939e-02
 3.7743336699762085e-06
-2.3292861148116485e-07
 2.1916694867584945e+00
-2.6698807246373652e-03
 3.7163605131451699e-06
 1.8243643536483058e-09
 5.4474024089101057e+01
 2.1537545079208367e+00
-4.1732108093149234e-03
 3.7085605328299520e-06
 1.7346457929834973e-10
 2.2699573857955597e+00
 2.5863034734901484e-03
 3.7682033049561692e-06
-2.0013236109745402e-07
 2.2241222877723570e+00
-9.7449400708919855e-03
 3.7626156918341928e-06
-1.6851342756596776e-07
 2.0406764221133495e+00
-4.7142706366268636e-03
 3.7024710099069757e-06
-8.9607634404474476e-10
 5.4970781099881634e+01
 1.8551275807797749e+00
-3.7284195414770387e-03
 3.6980103805863467e-06
-1.6668039003912234e-09
 2.0869819763666841e+00
-2.0670485732554159e-02
 3.7577201077789169e-06
-1.3573362048511852e-07
 1.8821187964036943e+00
-2.7801224103412691e-02
 3.7537963174993298e-06
-1.0694743500881973e-07
 1.6000000335383406e+00
 4.2059367538614891e-05
 3.6951349651458486e-06
-1.8320433951983432e-09
 5.6406719538785318e+01
 1.5997039279051359e+00
-3.0780191467110807e-02
 3.7503882237053411e-06
-7.7048182342114134e-08
 3.8150388838955811e-06
 1.4622467180985307e-07
 4.8191020281431412e+02
 0.0000000000000000e+00
 0.0000000000000000e+00
 3.8782229335347891e-06
 3.0109097910520207e-08
 2.8243983696272645e-07
-3.2464052311185851e-08
 3.7297281019630000e-06
 2.2169779204269895e-07
 0.0000000000000000e+00
 0.0000000000000000e+00
 3.9190029933741084e-06
-8.9819666925268642e-08
 4.0731558794721502e+02
 4.7788014708736594e-07
-1.0902415990400861e-07
 3.9272918858167479e-06
-1.6896748986131896e-07
 6.0920706690263795e-07
-2.4279525286858788e-07
 3.8256573095918546e-06
-8.2209463246440322e-08
 3.0584975614204183e-07
-1.3097349698520527e-07
 3.7867733678773876e-06
 5.4403887819603985e-08
 1.7728846192064355e-07
-3.9166301068624209e-08
 3.9255259914799279e-06
-2.7328880773075962e-07
 2.4364726719314456e+02
 6.9434467244725289e-07
-4.6476829083893625e-07
 3.8928155696385301e-06
-3.7209088722503609e-07
 7.3102527788032819e-07
-6.4501808092871404e-07
 3.8561658910944438e-06
-2.9772202796337476e-07
 4.4227239937555045e-07
-5.2178452259838303e-07
 3.8465309733364652e-06
-1.9184243892088173e-07
 3.9421737661330612e-07
-2.8585900901908217e-07
 1.5990046913686078e+00
 6.1416052669377129e-02
 3.8716088880873507e-06
-5.1068246020065919e-07
 1.2839178239349319e+03
 6.8659428460407440e-07
-6.3198258372317902e-07
 1.7298671848290765e+00
 6.4995482465885809e-02
 3.8692813262621412e-06
-4.7511090027639760e-07
 1.5972953746713268e+00
 9.4998673044497023e-02
 3.9376948413163209e-06
-5.1616716617531638e-07
 4.1625418469641325e-07
-7.2561202014267388e-07
 3.8750375445136958e-06
-3.9954934205461938e-07
 4.4245727647401321e-07
-7.1371964467206161e-07
 1.4544981875239311e+00
 7.8855697950135042e-02
 3.9419803514384438e-06
-4.8237848847333644e-07
 1.8228291871031981e+00
 5.2582866482379344e-02
 3.8703635366681194e-06
-3.9185456633475361e-07
 1.2760995641601714e+03
 1.8786307567748732e+00
 2.9124732075742919e-02
 3.8670453719887542e-06
-3.5225207222198668e-07
 1.3532144307767038e+00
 5.6727626738349413e-02
 3.9445181084432601e-06
-4.5107944424555309e-07
 1.2876428872238856e+00
 2.8257823827071846e-02
 3.9461503768805314e-06
-4.1582312843037124e-07
 1.8964344726046141e+00
-6.6072225139992926e-05
 3.8642923205939392e-06
-3.1340506918600023e-07
 1.2736535481408998e+03
 1.8766311293168616e+00
-2.9238132218686295e-02
 3.8616418659272226e-06
-2.7333919755960061e-07
 1.2656646617741318e+00
-2.4217930271917361e-03
 3.9475044795205489e-06
-3.7071090012348163e-07
 1.2868676272844217e+00
-3.2787559925316921e-02
 3.9476849040237768e-06
-3.3602354585283587e-07
 1.8196147083414074e+00
-5.2642954019606461e-02
 3.8593291748493121e-06
-2.3417561556592185e-07
 1.2772627545317650e+03
 1.7270147839601198e+00
-6.5043907955603206e-02
 3.8572647206467091e-06
-1.9432703058399787e-07
 1.3520379275214178e+00
-6.0333353678197789e-02
 3.9477007311945539e-06
-2.9148185546595888e-07
 1.4534141491877879e+00
-8.1076879839223390e-02
 3.9466990859561314e-06
-2.5991026890233374e-07
 1.5988141686316037e+00
-6.1590445080531901e-02
 3.8554653048386576e-06
-1.5534729889600788e-07
 1.2861747456929229e+03
 1.5971520272081592e+00
-9.5422647096111660e-02
 3.9456279825732143e-06
-2.1914167996088317e-07
 3.6308907285021335e-06
 2.9301796731725571e-07
 6.7205370700288859e+02
 0.0000000000000000e+00
 0.0000000000000000e+00
 3.7093754243081605e-06
 1.2612593154783528e-07
 7.1789894711193171e-08
-3.7712817505375564e-08
 3.4879347810782806e-06
 3.6278817112504251e-07
 0.0000000000000000e+00
 0.0000000000000000e+00
 3.7552222574404722e-06
-2.4247016454931057e-08
 5.5068514546543076e+02
 1.3181913912726339e-07
-1.2665295891198126e-07
 3.7896528969982073e-06
-1.3105523531695180e-07
 1.7320727798444202e-07
-2.6925009083945382e-07
 3.5894866356723053e-06
 1.4142705127530700e-07
-3.1804399622872589e-08
-1.0015637349954021e-07
 3.5477259578197809e-06
 2.4169858726614681e-07
-2.7214933041266566e-08
-3.3764571053128365e-08
 3.8055841348534927e-06
-2.2692182108964365e-07
 4.0969957478304411e+02
 1.9419978037375369e-07
-4.7095827171822624e-07
 3.8374588953148529e-06
-2.9000421978806191e-07
 1.9456433650445775e-07
-6.2701838558390563e-07
 3.6541662579035593e-06
 1.5050057323050796e-08
-3.5886436034670403e-08
-3.5263240095980975e-07
 3.6302447792827315e-06
 7.0152926981308914e-08
-3.2995611756853609e-08
-2.0506010509809398e-07
 1.5949345921473717e+00
 1.2854771805567239e-01
 3.8959945454798718e-06
-3.3439628859765995e-07
 9.7723954439256249e+02
 2.2994729322689537e-07
-6.2991698670808089e-07
 1.3744679604367784e+00
 1.0140238678435637e-01
 3.9087402377437099e-06
-3.2927973747388761e-07
 1.5915179545367057e+00
 1.6551144210152532e-01
 3.7482319728255157e-06
-6.1314080312415491e-08
-2.4861279204641936e-08
-4.5353048355597709e-07
 3.6911061130925182e-06
-2.3836774284384593e-08
-4.1779577021454016e-08
-4.6358015103085835e-07
 1.0924536504309434e+00
 1.1703980112935074e-01
 3.7579183518231193e-06
-9.8264128814697809e-08
 1.2126561778938012e+00
 7.0837915575156132e-02
 3.9229462808814863e-06
-3.2008777956843422e-07
 9.7525976178328710e+02
 1.1138157648121674e+00
 3.7809396987601475e-02
 3.9293906083486149e-06
-3.1383787880366887e-07
 7.3628748218219464e-01
 7.5178021735637882e-02
 3.7614929331970703e-06
-1.3801660217473726e-07
 5.0936087680285447e-01
 3.5471651906494567e-02
 3.7684173829654938e-06
-1.7691007703639690e-07
 1.0803990835141402e+00
 3.2895609926083800e-03
 3.9351120695057535e-06
-3.1756458905322254e-07
 9.7377429608678358e+02
 1.1133096775633116e+00
-3.1655415570393898e-02
 3.9360939654222573e-06
-3.1068411290271643e-07
 4.3441342814072598e-01
-1.7086560281619819e-03
 3.7679871329750680e-06
-2.1865751568310755e-07
 5.1030912562208131e-01
-3.8703399615003353e-02
 3.7660915918786810e-06
-2.5873092194743001e-07
 1.2118261999573448e+00
-6.5979670456429954e-02
 3.9351427808303595e-06
-3.1440669600604257e-07
 9.7298678521209831e+02
 1.3736861176448656e+00
-9.8746186058880761e-02
 3.9306550689036973e-06
-3.0788281179344764e-07
 7.3786826141613215e-01
-7.7874692256463138e-02
 3.7575480049414306e-06
-3.0145659372982109e-07
 1.0937025615904064e+00
-1.1889804206661406e-01
 3.7475816022987056e-06
-3.4035873494124988e-07
 1.5947741556838608e+00
-1.2921117912194602e-01
 3.9233970292686243e-06
-3.1152311302327312e-07
 9.7262472324481689e+02
 1.5913364520847415e+00
-1.6627801462002004e-01
 3.7318232893892714e-06
-3.8186083502283528e-07
 3.3933676209761515e-06
 4.3288942008947190e-07
 5.0159497816887222e+02
 0.0000000000000000e+00
 0.0000000000000000e+00
 3.4661627291181990e-06
 3.2940913566537066e-07
-8.6187890389871586e-08
-2.9182623282126309e-08
 3.2298561291528608e-06
 4.9587977362652718e-07
 0.0000000000000000e+00
 0.0000000000000000e+00
 3.5182128393457611e-06
 2.4188362954767777e-07
 4.5302963863200239e+02
-1.3774501116578172e-07
-7.2741470912463622e-08
 3.5590674404559079e-06
 1.8055813269761774e-07
-1.6903276981937387e-07
-1.3954354766476900e-07
 3.3186571479697445e-06
 4.1759358728236654e-07
-2.0200580047864959e-07
-5.0536869012556958e-08
 3.2825911357703141e-06
 4.5344121004190480e-07
-1.2145305932201159e-07
-2.4727525219651438e-08
 3.5835983422503004e-06
 1.3800001015828666e-07
 3.1416427605770753e+02
-1.8892496984206640e-07
-2.3601207424348490e-07
 3.6049126947874358e-06
 1.2965191277608253e-07
-2.0426243499148951e-07
-3.0754224737598544e-07
 3.3523430096665134e-06
 3.8643362960280617e-07
-2.9004162792832100e-07
-1.4069417905024860e-07
 3.3493734917892604e-06
 3.9701640782593254e-07
-2.5510664447287522e-07
-8.6670604561192125e-08
 1.5872016819055466e+00
 2.0237699530565656e-01
 3.5892655314371021e-06
 1.7785288876276991e-07
 5.0114113969986778e+02
-1.9748237236217506e-07
-3.0534136403561623e-07
 9.9083914825086139e-01
 1.2086836300698665e-01
 3.5952598134643692e-06
 7.4121459692696996e-08
 1.5815100119615937e+00
 2.4281538366897815e-01
 3.3140873159213652e-06
 3.8186923497388899e-07
-3.2715754157945106e-07
-1.7698759299318250e-07
 3.3449085968009279e-06
 3.8540916919749808e-07
-3.1681841595410190e-07
-1.8180467231692916e-07
 8.8557578428935613e-01
 1.4401096555571180e-01
 3.3186756153751202e-06
 2.8794628622531204e-07
 5.5977364240478311e-01
 6.6058823121254329e-02
 3.6150104072449110e-06
 4.1027065104627447e-08
 5.0620403821903022e+02
 2.9961647679563630e-01
 2.8749470729691667e-02
 3.6018712185007826e-06
-6.1038609740730146e-08
 3.8275753232125709e-01
 7.8195966826828417e-02
 3.3097153259334513e-06
 1.6377360621139369e-07
 6.5405750349205011e-02
 3.3183105365396398e-02
 3.3139613766615154e-06
 6.7566997279100335e-08
 2.1366992753151443e-01
 1.5654092322759248e-04
 3.6000337224688302e-06
-1.2732946355035010e-07
 5.0720048844150909e+02
 3.0251914866801516e-01
-2.8502720914827872e-02
 3.5848334139993163e-06
-2.2668621542564767e-07
-3.9125340600603235e-02
 3.4777275243909063e-04
 3.3001454077712473e-06
-5.8094680906879182e-08
 6.9035834721873787e-02
-3.2665288981438147e-02
 3.2876247428408198e-06
-1.5513094217746192e-07
 5.6447965740770523e-01
-6.6057154137030644e-02
 3.5757614002879267e-06
-2.9163295438614627e-07
 5.0412430619730219e+02
 9.9491522695106926e-01
-1.2122758130833668e-01
 3.5559801878950713e-06
-3.8961359524297079e-07
 3.8850395469937615e-01
-7.8177542005729392e-02
 3.2598565980582820e-06
-2.7962980046545454e-07
 8.9040466328603818e-01
-1.4456090368845687e-01
 3.2333270106736012e-06
-3.7211195746434782e-07
 1.5870374053736267e+00
-2.0325456712448309e-01
 3.5398083023342183e-06
-4.5397821729515862e-07
 4.9701314233180659e+02
 1.5813224919734812e+00
-2.4376065964436905e-01
 3.1920525030520071e-06
-4.8965478927591426e-07
 3.1305955205347552e-06
 5.6284342125691949e-07
 2.7864857861781195e+02
 0.0000000000000000e+00
 0.0000000000000000e+00
 3.1897954383663766e-06
 5.2822676876734768e-07
-1.2942989831081966e-07
-2.3518229761071431e-08
 2.9384369620692760e-06
 6.1375404442658856e-07
 0.0000000000000000e+00
 0.0000000000000000e+00
 3.2309882692438529e-06
 4.9878232161161859e-07
 2.8016689461496173e+02
-2.2379501023134766e-07
-4.0208849362384644e-08
 3.2541132893373543e-06
 4.7578744471458695e-07
-2.9079222601298809e-07
-5.8314345563925548e-08
 2.9971654598959047e-06
 6.0872704437627538e-07
-2.1853381011879522e-07
-3.5169012159648286e-08
 2.9782444403254703e-06
 6.1149030866933728e-07
-1.2244094428071081e-07
-2.2095648145066461e-08
 3.2535486718719873e-06
 4.6086548398282275e-07
 2.2873185001208768e+02
-3.3966454711210993e-07
-8.3638575951656305e-08
 3.2228134076988135e-06
 4.6623881152722142e-07
-3.7897421114672203e-07
-1.0290015259131998e-07
 2.9728271999460848e-06
 6.1399565863401876e-07
-3.5082740346123768e-07
-5.1982299165522971e-08
 3.0019786781929378e-06
 6.1053723013805914e-07
-2.9285546797855865e-07
-4.3802406197459051e-08
 1.5747718080250646e+00
 2.8309651451852214e-01
 3.1260765386863189e-06
 5.3090862842974273e-07
 2.4203375728590328e+02
-4.0810092285381050e-07
-1.0457668213644935e-07
 7.9005298580893624e-01
 1.5061622691203821e-01
 3.1142784933825830e-06
 3.4502277057177847e-07
 1.5661944392444156e+00
 3.2717410487569737e-01
 2.8388971478251557e-06
 6.1861978046167410e-07
-4.3486548575804023e-07
-6.5134292504940857e-08
 2.9235607868979029e-06
 6.1986725872854597e-07
-3.9895737558742373e-07
-5.9558360670110818e-08
 7.6182341728506342e-01
 1.7235213374141892e-01
 2.8351844483595832e-06
 4.9266105152613761e-07
 2.2499391746115710e-01
 7.1007946501299102e-02
 3.1345986704133293e-06
 3.0949052795345798e-07
 2.4924575780376219e+02
-1.1498180661623050e-01
 2.6110036915792507e-02
 3.0931092826377045e-06
 1.2518252094235872e-07
 1.7132864376209578e-01
 7.9730318079556467e-02
 2.8110265769588440e-06
 3.1770526132428293e-07
-2.0059383941066919e-01
 2.8435875473847488e-02
 2.8047248431567020e-06
 1.9098664120867976e-07
-2.2706420014141721e-01
-1.2835437525097429e-03
 3.0794871063084533e-06
 1.9689950753311915e-08
 2.5132043016664687e+02
-1.1072756105042966e-01
-2.8685094809975258e-02
 3.0411671606296607e-06
-1.5831325709733081e-07
-3.2364855146366883e-01
 6.2133733458390644e-05
 2.7714197783013237e-06
 2.1619788121790976e-08
-1.9587114832682029e-01
-2.8521800347688604e-02
 2.7429381616886135e-06
-1.0605380818186835e-07
 2.3182628927939924e-01
-7.3582682871670330e-02
 3.0185823453018677e-06
-2.6055629430728476e-07
 2.4813392328584004e+02
 7.9591295779932747e-01
-1.5280239653747557e-01
 2.9739608527404653e-06
-4.3490963008003810e-07
 1.7876601794237479e-01
-8.0393328538075057e-02
 2.6937805076852709e-06
-2.7109821178705630e-07
 7.6813532839489940e-01
-1.7351028689305970e-01
 2.6492536770969423e-06
-3.9111880419227677e-07
 1.5745736466268885e+00
-2.8410916473125913e-01
 2.9430373600535113e-06
-5.3608068859768432e-07
 2.3989584502812733e+02
 1.5659710535110380e+00
-3.2822970701698256e-01
 2.5832960548525278e-06
-5.4266857139260690e-07
 2.8086627178707936e-06
 6.6957755864343346e-07
 1.4888077009337115e+02
 0.0000000000000000e+00
 0.0000000000000000e+00
 2.8559379523762949e-06
 6.6148125812999597e-07
-1.1193074094549687e-07
-2.2316572881457412e-08
 2.5656363992665346e-06
 6.9580024143234287e-07
 0.0000000000000000e+00
 0.0000000000000000e+00
 2.8795352290908281e-06
 6.5188001385761459e-07
 1.6037223808712196e+02
-2.0379781441003422e-07
-3.5275564131420422e-08
 2.8785097893981778e-06
 6.4104969440778277e-07
-2.7831129846608518e-07
-4.0694944479955037e-08
 2.5995263104384888e-06
 7.0766711201641247e-07
-1.7737838162400358e-07
-3.4891642505579154e-08
 2.5948439036320329e-06
 7.0355047289920302e-07
-9.5158732033000515e-08
-2.1480220955232604e-08
 2.8485506073214899e-06
 6.3243778320133033e-07
 1.7070739787972369e+02
-3.4021438137251340e-07
-3.9605493191915065e-08
 2.7816809934658778e-06
 6.3578880992527028e-07
-3.9166569584055776e-07
-4.0016637705453601e-08
 2.5395718661795130e-06
 7.1386997312876445e-07
-3.0981623191839949e-07
-3.5051078452739692e-08
 2.5865794405314356e-06
 7.1195872262852608e-07
-2.4848360266685475e-07
-3.9704987093684209e-08
 1.5563851030582265e+00
 3.7099376566148268e-01
 2.6512486441704260e-06
 6.8545380371503098e-07
 1.1812447803765377e+02
-4.3175721354937736e-07
-4.9486494337433490e-08
 6.9622227763058764e-01
 1.8544057026967786e-01
 2.6223344488855860e-06
 4.6945744461707305e-07
 1.5441901957204944e+00
 4.1884756917852634e-01
 2.3756009652655573e-06
 7.0885534750856696e-07
-3.9882952473256084e-07
-4.3600628928987231e-08
 2.4731117566637972e-06
 7.1528274495216809e-07
-3.6120337303863522e-07
-3.2563618814506628e-08
 6.8746555781556762e-01
 2.0711838131783938e-01
 2.3663412126011373e-06
 5.6679680747343369e-07
 7.0453280443302416e-02
 7.8754786699380686e-02
 2.6403460190378244e-06
 4.2643278952631064e-07
 1.2547699551885795e+02
-3.0934628216472049e-01
 2.5329818013370187e-02
 2.5780215129691402e-06
 2.0803624603888171e-07
 4.7333530498137412e-02
 8.5826255036200172e-02
 2.3318067053841679e-06
 3.7678268736807782e-07
-3.5711165555182917e-01
 2.5998359673363575e-02
 2.3151092403278506e-06
 2.3659212963575715e-07
-4.3523111284866484e-01
-6.6793743568570102e-04
 2.5547677558238667e-06
 8.0601703906430276e-08
 1.2782512890005999e+02
-3.0462778119701373e-01
-2.6864211454668545e-02
 2.4958478344296172e-06
-1.2482399335878591e-07
-4.9194919661917180e-01
-5.2483551227567103e-05
 2.2645594707755836e-06
 5.3861028589973096e-08
-3.5239892635218806e-01
-2.6366486642646927e-02
 2.2204324719325969e-06
-8.8504352163314400e-08
 7.7928981059144392e-02
-8.0783421361592125e-02
 2.4583749534266396e-06
-2.4503445302945432e-07
 1.2490891969648578e+02
 7.0251981343328040e-01
-1.8759335250179027e-01
 2.3878194493561871e-06
-4.4244194849387750e-07
 5.4710535038944623e-02
-8.6891933276080302e-02
 2.1514842161981303e-06
-2.6345897943067137e-07
 6.9366620754602282e-01
-2.0867004461538913e-01
 2.0878709921939555e-06
-3.9483819254226590e-07
 1.5561317465494275e+00
-3.7209439811446005e-01
 2.3391917298835112e-06
-5.5958913489191583e-07
 1.1708297523766443e+02
 1.5439040310860528e+00
-4.1995287916634549e-01
 1.9972313316341075e-06
-5.4888583964809311e-07
 2.3954434464674438e-06
 7.2994460157714252e-07
 8.5716036461360389e+01
 0.0000000000000000e+00
 0.0000000000000000e+00
 2.4338837953697996e-06
 7.2654917203605885e-07
-8.2853928572936565e-08
-2.1056581534030179e-08
 2.0997588156090285e-06
 7.1838941039174723e-07
 0.0000000000000000e+00
 0.0000000000000000e+00
 2.4459272204031608e-06
 7.1906779721298039e-07
 9.4995618448482276e+01
-1.5571185038181579e-07
-3.4984000109771722e-08
 2.4306847190128868e-06
 7.0892750803129770e-07
-2.1978639415434953e-07
-3.9863805709390318e-08
 2.1197317742877164e-06
 7.2881753078737522e-07
-1.2837339435558714e-07
-3.2969383543202727e-08
 2.1215631781747096e-06
 7.2611186043009544e-07
-6.7420725910663942e-08
-1.9451797565785473e-08
 2.3876623404183930e-06
 6.9974463201040661e-07
 1.2415296507332000e+02
-2.7687280402575840e-07
-3.3755462949290896e-08
 2.3109759345253503e-06
 6.9934134004102313e-07
-3.2409994172100032e-07
-3.0104285535978578e-08
 2.0531094256835349e-06
 7.2807461143929170e-07
-2.3553294322123312e-07
-3.2960529305786297e-08
 2.1013789235785940e-06
 7.3035501720022113e-07
-1.8445893401849051e-07
-3.8360088825526532e-08
 1.5305262857827631e+00
 4.6630344544674163e-01
 2.1822567586334556e-06
 7.3236025191816305e-07
 5.7664643216255399e+01
-3.5844639979187188e-07
-4.1704173240485140e-08
 6.4560637334902493e-01
 2.2389308784852308e-01
 2.1477712665428619e-06
 5.1776249201143943e-07
 1.5138156349537850e+00
 5.1798752565975170e-01
 1.9006962578081026e-06
 7.1458399703086872e-07
-3.0810444978898801e-07
-4.1175674871596777e-08
 1.9889217889005730e-06
 7.2469216015698428e-07
-2.7828623207315784e-07
-2.9496853704581724e-08
 6.4381720225378725e-01
 2.4816858181787207e-01
 1.8945791685829860e-06
 5.6901025558661130e-07
-1.3283450182725460e-02
 8.7221399095530686e-02
 2.1643297404935729e-06
 4.5626575258215827e-07
 6.4454613849539314e+01
-4.1994187810065725e-01
 2.4090850371467253e-02
 2.0889475990828525e-06
 2.3330118428809114e-07
-2.2618672741957103e-02
 9.5448772697098519e-02
 1.8588911676902052e-06
 3.8516332057517694e-07
-4.4846051588765706e-01
 2.4768412885996086e-02
 1.8380854517190610e-06
 2.4353455638251735e-07
-5.5615140921105155e-01
-3.3377847361298451e-04
 2.0565101417094985e-06
 9.4064923129721959e-08
 6.6742996541282665e+01
-4.1543077927029037e-01
-2.5042275912090593e-02
 1.9806218579206466e-06
-1.0807299302434987e-07
-5.9210797773941637e-01
-9.2710535730704561e-05
 1.7770003297580290e-06
 6.6146137268890870e-08
-4.4432920126831188e-01
-2.5252648413804101e-02
 1.7213573867280838e-06
-7.6737361302255482e-08
-6.2202674279843500e-03
-8.8895227872800672e-02
 1.9277133755259271e-06
-2.3517503098944122e-07
 6.4175919794217876e+01
 6.5144752110747139e-01
-2.2595358390053283e-01
 1.8344838809053388e-06
-4.2301415872770567e-07
-1.6238715365416233e-02
-9.6698725294856139e-02
 1.6373858226077942e-06
-2.3955345738351788e-07
 6.4906295706277795e-01
-2.4989183161173145e-01
 1.5575958116773956e-06
-3.6477999491069398e-07
 1.5302037155416037e+00
-4.6741517186944159e-01
 1.7694754600275168e-06
-5.4260095189224689e-07
 5.7184061125920422e+01
 1.5134681744092124e+00
-5.1905120943360816e-01
 1.4472487138274986e-06
-4.9591490416835600e-07
 1.8894824295747578e-06
 7.1920633417394958e-07
 4.9965444501252357e+01
 0.0000000000000000e+00
 0.0000000000000000e+00
 1.9199336889500794e-06
 7.1686425920223697e-07
-5.6418177259709317e-08
-1.7993896403038508e-08
 1.5490380265538196e-06
 6.5664254321017433e-07
 0.0000000000000000e+00
 0.0000000000000000e+00
 1.9267925610737024e-06
 7.0974063903611557e-07
 5.7241884845145023e+01
-1.0783453628434774e-07
-3.0648696191205533e-08
 1.9075979462914714e-06
 6.9928093149176286e-07
-1.5511592250887358e-07
-3.5563600071749181e-08
 1.5589451363415686e-06
 6.6357840008562379e-07
-8.3625046784861514e-08
-2.6641240011407761e-08
 1.5640449080181223e-06
 6.6280172704211453e-07
-4.3383105873123120e-08
-1.5482070527305623e-08
 1.8663590966655516e-06
 6.8922930725363365e-07
 8.4275048728804876e+01
-1.9904976179227484e-07
-3.0587334096406632e-08
 1.7961998630862829e-06
 6.8486435135107055e-07
-2.3518729759226467e-07
-2.7785268413411499e-08
 1.4986888304262046e-06
 6.5725063473784586e-07
-1.5942893019188139e-07
-2.6384707512621223e-08
 1.5408455564365295e-06
 6.6258973154630865e-07
-1.2229664053114140e-07
-3.1187776078397746e-08
 1.4953611384024845e+00
 5.6907471722584502e-01
 1.6848111802080646e-06
 7.0122142447704012e-07
 2.6891314698896821e+01
-2.5985548758000013e-07
-3.8721533231659958e-08
 6.1699329198708719e-01
 2.6864477532535341e-01
 1.6617163208478262e-06
 5.0984287509912632e-07
 1.4730727401354267e+00
 6.2451055497249064e-01
 1.3759749305372537e-06
 6.4034111813607130e-07
-2.1155432634156872e-07
-3.2758031317481582e-08
 1.4457134348604125e-06
 6.5092106593495926e-07
-1.9101153228317901e-07
-2.3115198199880028e-08
 6.1931831390477499e-01
 2.9748118750492047e-01
 1.3899011929333260e-06
 5.0782098883410017e-07
-5.9537626731619941e-02
 9.9127081096910666e-02
 1.6818671242691188e-06
 4.3306459533147521e-07
 3.2918604065925585e+01
-4.8635876539147949e-01
 2.3856122253330975e-02
 1.6054711891025354e-06
 2.2673439906429831e-07
-6.0227795610535033e-02
 1.1138491634617043e-01
 1.3676463845088940e-06
 3.4625101741376882e-07
-5.0438590292818630e-01
 2.6705190280831112e-02
 1.3537075789084016e-06
 2.1695038472394623e-07
-6.3143314214118196e-01
-1.7922217069763863e-04
 1.5692703670935177e-06
 8.9284966596479441e-08
 3.5078017035028594e+01
-4.8259323510901608e-01
-2.4519834561614336e-02
 1.4848114881873124e-06
-8.9571211449828864e-08
-6.5687662298897675e-01
-8.2507199669326959e-05
 1.2933739029686588e-06
 6.0598985483872942e-08
-5.0117215553758543e-01
-2.7163802643430570e-02
 1.2336369167262206e-06
-6.7564054281440666e-08
-5.3718524641876500e-02
-1.0055686312557351e-01
 1.4202023411785803e-06
-2.0984485631254795e-07
 3.2784470331776824e+01
 6.2170352921601590e-01
-2.7052233642731183e-01
 1.3104975040383708e-06
-3.6557735404211459e-07
-5.5347744929344578e-02
-1.1256585661961360e-01
 1.1425235452609232e-06
-2.0109016297649623e-07
 6.2321229454105198e-01
-2.9907675517676630e-01
 1.0517075119399817e-06
-3.0226307521270045e-07
 1.4949893006965886e+00
-5.7009428676547036e-01
 1.2279478905640964e-06
-4.7057436781556914e-07
 2.6678445029843655e+01
 1.4727010272216488e+00
-6.2542125388286773e-01
 9.2972061124281489e-07
-3.9024197088760003e-07
 1.3007904843906962e-06
 6.0991600923954359e-07
 2.8333646383963906e+01
 0.0000000000000000e+00
 0.0000000000000000e+00
 1.3217463147168970e-06
 6.0855076199071979e-07
-3.3688913270116862e-08
-1.2945137495088301e-08
 9.3187798725765769e-07
 4.8446172370027235e-07
 0.0000000000000000e+00
 0.0000000000000000e+00
 1.3252410274700634e-06
 6.0208999595473747e-07
 3.3896426613116439e+01
-6.5508086831404582e-08
-2.2269767335268537e-08
 1.3015778549899478e-06
 5.9085637971948162e-07
-9.6459905485543655e-08
-2.5642663890209626e-08
 9.1235807696571519e-07
 4.8673826104980461e-07
-4.4955788317229278e-08
-1.4944024029073750e-08
 9.3356241013432647e-07
 4.9043069436142129e-07
-2.2593164604178594e-08
-8.9644325477072322e-09
 1.2680480463188300e-06
 5.8076822243095960e-07
 5.9637224527286087e+01
-1.2728985716235290e-07
-2.0804716220273455e-08
 1.2063919611166631e-06
 5.7571809350409868e-07
-1.5333754641760438e-07
-1.7750931388229586e-08
 8.4487337368973398e-07
 4.6387972503714065e-07
-9.2290076603724148e-08
-1.2203081807846046e-08
 8.8697103062907632e-07
 4.7821608024909706e-07
-6.8319630705502053e-08
-1.6648833271456919e-08
 1.4487299042611599e+00
 6.7907814584918014e-01
 1.1189048485877060e-06
 5.7803479123458589e-07
 1.0390511463715928e+01
-1.7094175182022030e-07
-2.5935417873979015e-08
 6.0809064572702987e-01
 3.2778839369368445e-01
 1.1307937918981887e-06
 4.3231555373484382e-07
 1.4196168904557995e+00
 7.3799996997878015e-01
 7.6645585167624604e-07
 4.4493764807143072e-07
-1.2447823239677065e-07
-1.8643230997662842e-08
 8.1065422196541192e-07
 4.5105061732925470e-07
-1.1249328245951488e-07
-9.7588965914462510e-09
 6.2778664151362074e-01
 3.7873183237583385e-01
 8.3082240317476821e-07
 3.6793949937994386e-07
-8.0958642282205548e-02
 1.2512613110936890e-01
 1.1676114205667376e-06
 3.5662432801511610e-07
 1.5826150193757451e+01
-5.3156883603849214e-01
 3.2141626959650997e-02
 1.1082351973125144e-06
 1.8599461905457398e-07
-7.2555537008725010e-02
 1.6292674071542873e-01
 8.4360554984105731e-07
 2.5812942136293669e-07
-5.5596947290012710e-01
 5.0966737421454411e-02
 8.4777742235708771e-07
 1.5874931100719518e-07
-6.8844157334814171e-01
-1.4109221690992345e-04
 1.0783958734245347e-06
 6.6264717141207735e-08
 1.7729435582789961e+01
-5.2880519914376944e-01
-3.2706990509247892e-02
 9.9750180974171931e-07
-7.4831071452550536e-08
-7.2792017035397139e-01
-1.5630321827720314e-04
 8.0194454061680695e-07
 3.7681769544292700e-08
-5.5385832270187374e-01
-5.1511274172729521e-02
 7.4988849944071167e-07
-6.1782987875169328e-08
-7.6729206409679743e-02
-1.2635937236133241e-01
 9.2943382481339656e-07
-1.7216661625011524e-07
 1.5767016484635041e+01
 6.1147285878579005e-01
-3.2937201213460793e-01
 8.1608911814834790e-07
-2.7764246150745164e-07
-6.9362810627904156e-02
-1.6403845987457757e-01
 6.6594621730567587e-07
-1.5298359301272344e-07
 6.3036495437043272e-01
-3.8013048639655250e-01
 5.7916885892365121e-07
-2.1266220065334842e-07
 1.4483643079593660e+00
-6.7988351635199440e-01
 7.2336820015629630e-07
-3.4575531200421752e-07
 1.0301469072096856e+01
 1.4193023088969074e+00
-7.3863454419368590e-01
 4.6695776757869936e-07
-2.4074007180404228e-07
 6.7626368475522714e-07
 3.8720426183080371e-07
 1.9721877673940810e+01
 0.0000000000000000e+00
 0.0000000000000000e+00
 6.8289906574739874e-07
 3.7443346811289290e-07
-1.3006975990856965e-08
-4.4128546808093688e-09
 3.1598122461190152e-07
 2.0066822715061623e-07
 0.0000000000000000e+00
 0.0000000000000000e+00
 6.6936257690429479e-07
 3.6031445702777558e-07
 2.6579988200103454e+01
-2.7774648199312218e-08
-6.0000628072189236e-09
 5.6904224304694945e-07
 3.2194069399718013e-07
-4.4409192142828991e-08
-4.1908711483042892e-09
 3.4852658722113523e-07
 1.9957427644096284e-07
-8.0539351452185409e-09
-8.7015150433004721e-10
 3.3040586544151972e-07
 1.9690316122780721e-07
-3.0262984958549274e-09
-3.9016810100906561e-10
 5.2658927144856632e-07
 2.9977244199748284e-07
 3.9106401230957061e+01
-6.2133725151570114e-08
 1.2392622700603084e-09
 4.5559986136988696e-07
 3.1141820948169846e-07
-7.6628716505305253e-08
 4.9202191966448851e-09
 4.3036640143077536e-07
 2.5305608905277446e-07
-2.9674632852174141e-08
 9.9593252315966462e-09
 3.8568648102794997e-07
 2.2187421005981650e-07
-1.6051143136222382e-08
 1.7251080101622023e-09
 1.3881164845032041e+00
 7.9567982984174224e-01
 4.4870983337215380e-07
 3.0463115967667855e-07
 2.3253652234171960e+00
-8.2407789749760592e-08
 3.0396365852799415e-09
 6.6323733154070663e-01
 4.4005615822620003e-01
 5.5219612839619195e-07
 2.9158400610026016e-07
 1.3507521573063570e+00
 8.5757999112474348e-01
 3.5059557246886350e-07
 2.6564529206085621e-07
-5.7366188324108819e-08
 6.2678905240935868e-09
 3.7072534776754705e-07
 2.4565393359100533e-07
-4.5260981815399147e-08
 1.4703316094255556e-08
 7.0628173010521722e-01
 4.9338456311020468e-01
 2.5864728613184211e-07
 2.2516685027203356e-07
-7.7628205337138337e-02
 2.0557913204761441e-01
 6.1480755191863020e-07
 2.4206619864160990e-07
 6.5240341858416677e+00
-6.0490257311449547e-01
 7.2604915977238491e-02
 5.8471618173302107e-07
 1.2489795128793185e-07
-4.5163699788970245e-02
 2.1929373640694017e-01
 2.8268798411081398e-07
 1.7592400318040771e-07
-6.4350133343078608e-01
 7.6502130623213385e-02
 3.0048791815532719e-07
 1.0589446268048798e-07
-7.9967326256923654e-01
-1.9211207960810581e-04
 5.7102060756574497e-07
 3.3799972352268300e-08
 7.7171973518440229e+00
-6.0329732638984468e-01
-7.3135133836151639e-02
 5.1012801378096244e-07
-6.3852492779378976e-08
-8.8263883211722061e-01
-4.1140867613897226e-05
 2.7882334707977883e-07
 1.5113535981483297e-08
-6.4269141727303569e-01
-7.6578130404416273e-02
 2.5611791379008448e-07
-5.9049553479576683e-08
-7.5210024536025558e-02
-2.0651433857645085e-01
 4.5672965655188390e-07
-1.2592320659095156e-07
 6.5084288831050916e+00
 6.6508785996989728e-01
-4.4117085985134435e-01
 3.6776795994785017e-07
-1.6725703734707128e-07
-4.4005435879122423e-02
-2.1938811016305823e-01
 2.0845950590214637e-07
-1.0879381924695404e-07
 7.0701552996526040e-01
-4.9352020637994720e-01
 1.6606474414237247e-07
-1.1720712577622121e-07
 1.3878574819642717e+00
-7.9614871650641439e-01
 2.9561681116424908e-07
-1.6924748318731253e-07
 2.3285598606402131e+00
 1.3506183704471091e+00
-8.5780542203013765e-01
 1.0564984886971748e-07
-7.4613479151986521e-08
 0.0000000000000000e+00
 0.0000000000000000e+00
 4.2046626207733468e+01
 0.0000000000000000e+00
 0.0000000000000000e+00
 0.0000000000000000e+00
 0.0000000000000000e+00
 0.0000000000000000e+00
 0.0000000000000000e+00
 0.0000000000000000e+00
 0.0000000000000000e+00
 3.9623669981361054e+01
 0.0000000000000000e+00
 0.0000000000000000e+00
 0.0000000000000000e+00
 0.0000000000000000e+00
 0.0000000000000000e+00
 0.0000000000000000e+00
 0.0000000000000000e+00
 0.0000000000000000e+00
 6.8098975497138127e+01
 0.0000000000000000e+00
 0.0000000000000000e+00
 0.0000000000000000e+00
 0.0000000000000000e+00
 0.0000000000000000e+00
 0.0000000000000000e+00
 1.3106232372208344e+00
 9.1772401189865793e-01
-2.4624633689249731e-16
 3.2042308499851109e-13
 1.2057133616766532e+01
 4.4681173107475573e-13
-1.1210905915361588e-14
 6.3180915524148573e-01
 3.2626537791343546e-01
-1.6046652214157908e-18
 1.4546694265674836e-07
 1.4280429335036663e-03
-4.1326891041571584e-02
 3.1165935615335967e-18
 1.7478471049344912e-07
 2.2437612841313701e+00
-6.2350108746940613e-01
-1.1685089898011441e-01
-2.2149810084536347e-18
 9.8662229338367107e-08
-8.5132312765255691e-01
-1.1364563560174147e-05
 2.9126950080342394e-18
 1.7884591045929494e-08
-2.8247630581964422e+00
-6.2351944733249287e-01
 1.1685364447487197e-01
-3.9721632976568262e-18
-6.4818353861854636e-08
 1.4968078487920256e-03
 4.1395720552874528e-02
 2.0567386899358464e-18
-9.9714839738457420e-08
 2.2476063978044363e+00
 6.3179904336116388e-01
-3.2624885737891229e-01
 5.8346902452435578e-18
-8.1666231764508978e-08
 1.3106490212290394e+00
-9.1771446653653410e-01
-3.3142649830587430e-19
-4.2384565538131773e-09
 1.2070179114398812e+01
 oy !
