0.0 0.0
0.00517323478388 2402849869.49629354476929
0.01039707610762 3068377225.41826248168945
0.01490607841671 3274327954.38325357437134
0.02232740919444 3500042354.84636402130127
0.03601327564765 3664247016.23379325866699
0.05217649668409 3780868835.23480033874512
0.06892322208896 3865785685.86229848861694
0.08654433848424 3932859836.15714359283447
0.10416551258366 3997953002.97014808654785
0.13955402539537 4110308177.0935754776001
0.19285592612392 4256056165.98852729797363
0.24688674567981 4378020812.27131843566895
0.31766556013188 4541320672.58111095428467
0.49563127648043 4978278426.68018341064453

