% coordinates of verteces for inertial partition
% 
% Number dimensions = 3
% Number nodes      = 2145
% 
3.88891 3.14267 0
3.82686 3.21794 0
3.82686 3.21794 0.0625
3.88891 3.14267 0.0625
3.76336 3.29198 0
3.76336 3.29198 0.0625
3.76336 3.29198 0.125
3.82686 3.21794 0.125
3.88891 3.14267 0.125
3.76336 3.29198 0.25
3.82686 3.21794 0.25
3.82686 3.21794 0.1875
3.76336 3.29198 0.1875
3.88891 3.14267 0.1875
3.88891 3.14267 0.25
3.63208 3.43627 0.125
3.63208 3.43627 0.1875
3.69842 3.36477 0.1875
3.69842 3.36477 0.125
3.69842 3.36477 0.25
3.63208 3.43627 0.25
3.69842 3.36477 0
3.69842 3.36477 0.0625
3.63208 3.43627 0.0625
3.63208 3.43627 0
3.35315 3.70896 0
3.35315 3.70896 0.0625
3.42487 3.64284 0.0625
3.42487 3.64284 0
3.35315 3.70896 0.125
3.42487 3.64284 0.125
3.49528 3.57534 0.125
3.49528 3.57534 0.0625
3.49528 3.57534 0
3.35315 3.70896 0.25
3.42487 3.64284 0.25
3.42487 3.64284 0.1875
3.35315 3.70896 0.1875
3.49528 3.57534 0.25
3.49528 3.57534 0.1875
3.56436 3.50647 0.1875
3.56436 3.50647 0.25
3.56436 3.50647 0.125
3.56436 3.50647 0
3.56436 3.50647 0.0625
3.35315 3.70896 0.5
3.42487 3.64284 0.5
3.42487 3.64284 0.4375
3.35315 3.70896 0.4375
3.49528 3.57534 0.5
3.49528 3.57534 0.4375
3.49528 3.57534 0.375
3.42487 3.64284 0.375
3.35315 3.70896 0.375
3.63208 3.43627 0.5
3.63208 3.43627 0.4375
3.56436 3.50647 0.4375
3.56436 3.50647 0.5
3.63208 3.43627 0.375
3.56436 3.50647 0.375
3.56436 3.50647 0.3125
3.63208 3.43627 0.3125
3.49528 3.57534 0.3125
3.35315 3.70896 0.3125
3.42487 3.64284 0.3125
3.88891 3.14267 0.5
3.88891 3.14267 0.4375
3.82686 3.21794 0.4375
3.82686 3.21794 0.5
3.88891 3.14267 0.375
3.82686 3.21794 0.375
3.76336 3.29198 0.375
3.76336 3.29198 0.4375
3.76336 3.29198 0.5
3.82686 3.21794 0.3125
3.88891 3.14267 0.3125
3.76336 3.29198 0.3125
3.69842 3.36477 0.3125
3.69842 3.36477 0.375
3.69842 3.36477 0.5
3.69842 3.36477 0.4375
4.12206 2.82995 0.375
4.12206 2.82995 0.4375
4.17648 2.749 0.4375
4.17648 2.749 0.375
4.22931 2.667 0.375
4.22931 2.667 0.4375
4.22931 2.667 0.5
4.17648 2.749 0.5
4.12206 2.82995 0.5
4.22931 2.667 0.25
4.17648 2.749 0.25
4.17648 2.749 0.3125
4.22931 2.667 0.3125
4.12206 2.82995 0.3125
4.12206 2.82995 0.25
4.33013 2.5 0.375
4.33013 2.5 0.3125
4.28053 2.58399 0.3125
4.28053 2.58399 0.375
4.28053 2.58399 0.25
4.33013 2.5 0.25
4.28053 2.58399 0.5
4.28053 2.58399 0.4375
4.33013 2.5 0.4375
4.33013 2.5 0.5
4.00853 2.98859 0.25
3.94947 3.06621 0.25
3.94947 3.06621 0.3125
4.00853 2.98859 0.3125
4.00853 2.98859 0.375
3.94947 3.06621 0.375
4.06607 2.90982 0.3125
4.06607 2.90982 0.375
4.06607 2.90982 0.25
4.00853 2.98859 0.5
4.06607 2.90982 0.5
4.06607 2.90982 0.4375
4.00853 2.98859 0.4375
3.94947 3.06621 0.4375
3.94947 3.06621 0.5
4.12206 2.82995 0.125
4.12206 2.82995 0.0625
4.06607 2.90982 0.0625
4.06607 2.90982 0.125
4.00853 2.98859 0.125
4.00853 2.98859 0.0625
4.00853 2.98859 0
4.06607 2.90982 0
4.12206 2.82995 0
4.06607 2.90982 0.1875
4.00853 2.98859 0.1875
4.12206 2.82995 0.1875
3.94947 3.06621 0.1875
3.94947 3.06621 0.125
3.94947 3.06621 0
3.94947 3.06621 0.0625
4.28053 2.58399 0.1875
4.22931 2.667 0.1875
4.22931 2.667 0.125
4.28053 2.58399 0.125
4.33013 2.5 0.125
4.33013 2.5 0.1875
4.17648 2.749 0.1875
4.17648 2.749 0.125
4.22931 2.667 0
4.17648 2.749 0
4.17648 2.749 0.0625
4.22931 2.667 0.0625
4.33013 2.5 0.0625
4.28053 2.58399 0.0625
4.28053 2.58399 0
4.33013 2.5 0
4.00853 2.98859 0.75
3.94947 3.06621 0.75
3.94947 3.06621 0.8125
4.00853 2.98859 0.8125
4.00853 2.98859 0.875
3.94947 3.06621 0.875
3.88891 3.14267 0.875
3.88891 3.14267 0.8125
3.88891 3.14267 0.75
4.12206 2.82995 0.875
4.12206 2.82995 0.8125
4.06607 2.90982 0.8125
4.06607 2.90982 0.875
4.06607 2.90982 0.75
4.12206 2.82995 0.75
4.00853 2.98859 1
4.06607 2.90982 1
4.06607 2.90982 0.9375
4.00853 2.98859 0.9375
4.12206 2.82995 0.9375
4.12206 2.82995 1
3.88891 3.14267 0.9375
3.94947 3.06621 0.9375
3.94947 3.06621 1
3.88891 3.14267 1
4.12206 2.82995 0.625
4.12206 2.82995 0.5625
4.06607 2.90982 0.5625
4.06607 2.90982 0.625
4.00853 2.98859 0.625
4.00853 2.98859 0.5625
4.06607 2.90982 0.6875
4.00853 2.98859 0.6875
4.12206 2.82995 0.6875
3.88891 3.14267 0.625
3.88891 3.14267 0.6875
3.94947 3.06621 0.6875
3.94947 3.06621 0.625
3.94947 3.06621 0.5625
3.88891 3.14267 0.5625
4.22931 2.667 0.75
4.28053 2.58399 0.75
4.28053 2.58399 0.6875
4.22931 2.667 0.6875
4.22931 2.667 0.625
4.28053 2.58399 0.625
4.33013 2.5 0.625
4.33013 2.5 0.6875
4.33013 2.5 0.75
4.17648 2.749 0.6875
4.17648 2.749 0.625
4.17648 2.749 0.75
4.17648 2.749 0.5625
4.22931 2.667 0.5625
4.33013 2.5 0.5625
4.28053 2.58399 0.5625
4.17648 2.749 0.9375
4.17648 2.749 0.875
4.22931 2.667 0.875
4.22931 2.667 0.9375
4.22931 2.667 1
4.17648 2.749 1
4.17648 2.749 0.8125
4.22931 2.667 0.8125
4.33013 2.5 0.875
4.33013 2.5 0.8125
4.28053 2.58399 0.8125
4.28053 2.58399 0.875
4.28053 2.58399 1
4.28053 2.58399 0.9375
4.33013 2.5 0.9375
4.33013 2.5 1
3.63208 3.43627 0.625
3.63208 3.43627 0.5625
3.56436 3.50647 0.5625
3.56436 3.50647 0.625
3.49528 3.57534 0.625
3.49528 3.57534 0.5625
3.49528 3.57534 0.75
3.56436 3.50647 0.75
3.56436 3.50647 0.6875
3.49528 3.57534 0.6875
3.63208 3.43627 0.6875
3.63208 3.43627 0.75
3.35315 3.70896 0.625
3.35315 3.70896 0.6875
3.42487 3.64284 0.6875
3.42487 3.64284 0.625
3.42487 3.64284 0.75
3.35315 3.70896 0.75
3.42487 3.64284 0.5625
3.35315 3.70896 0.5625
3.76336 3.29198 0.75
3.82686 3.21794 0.75
3.82686 3.21794 0.6875
3.76336 3.29198 0.6875
3.76336 3.29198 0.625
3.82686 3.21794 0.625
3.69842 3.36477 0.6875
3.69842 3.36477 0.625
3.69842 3.36477 0.75
3.69842 3.36477 0.5625
3.76336 3.29198 0.5625
3.82686 3.21794 0.5625
3.63208 3.43627 0.875
3.63208 3.43627 0.9375
3.69842 3.36477 0.9375
3.69842 3.36477 0.875
3.76336 3.29198 0.875
3.76336 3.29198 0.9375
3.76336 3.29198 1
3.69842 3.36477 1
3.63208 3.43627 1
3.69842 3.36477 0.8125
3.76336 3.29198 0.8125
3.63208 3.43627 0.8125
3.82686 3.21794 0.8125
3.82686 3.21794 0.875
3.82686 3.21794 1
3.82686 3.21794 0.9375
3.42487 3.64284 0.8125
3.49528 3.57534 0.8125
3.49528 3.57534 0.875
3.42487 3.64284 0.875
3.35315 3.70896 0.875
3.35315 3.70896 0.8125
3.56436 3.50647 0.8125
3.56436 3.50647 0.875
3.49528 3.57534 1
3.56436 3.50647 1
3.56436 3.50647 0.9375
3.49528 3.57534 0.9375
3.35315 3.70896 0.9375
3.42487 3.64284 0.9375
3.42487 3.64284 1
3.35315 3.70896 1
-1 4.89898 0
-1 4.89898 0.0625
-0.904243 4.91755 0.0625
-0.904243 4.91755 0
-1 4.89898 0.125
-0.904243 4.91755 0.125
-0.808142 4.93426 0.125
-0.808142 4.93426 0.0625
-0.808142 4.93426 0
-1 4.89898 0.25
-0.904243 4.91755 0.25
-0.904243 4.91755 0.1875
-1 4.89898 0.1875
-0.808142 4.93426 0.25
-0.808142 4.93426 0.1875
-0.615054 4.96203 0.25
-0.615054 4.96203 0.1875
-0.711734 4.94908 0.1875
-0.711734 4.94908 0.25
-0.615054 4.96203 0.125
-0.711734 4.94908 0.125
-0.615054 4.96203 0
-0.711734 4.94908 0
-0.711734 4.94908 0.0625
-0.615054 4.96203 0.0625
-1 4.89898 0.5
-0.904243 4.91755 0.5
-0.904243 4.91755 0.4375
-1 4.89898 0.4375
-0.808142 4.93426 0.5
-0.808142 4.93426 0.4375
-0.808142 4.93426 0.375
-0.904243 4.91755 0.375
-1 4.89898 0.375
-0.615054 4.96203 0.5
-0.615054 4.96203 0.4375
-0.711734 4.94908 0.4375
-0.711734 4.94908 0.5
-0.615054 4.96203 0.375
-0.711734 4.94908 0.375
-0.711734 4.94908 0.3125
-0.615054 4.96203 0.3125
-0.808142 4.93426 0.3125
-1 4.89898 0.3125
-0.904243 4.91755 0.3125
-0.226365 4.99487 0.5
-0.226365 4.99487 0.4375
-0.323759 4.98951 0.4375
-0.323759 4.98951 0.5
-0.226365 4.99487 0.375
-0.323759 4.98951 0.375
-0.42103 4.98224 0.375
-0.42103 4.98224 0.4375
-0.42103 4.98224 0.5
-0.226365 4.99487 0.25
-0.323759 4.98951 0.25
-0.323759 4.98951 0.3125
-0.226365 4.99487 0.3125
-0.42103 4.98224 0.25
-0.42103 4.98224 0.3125
-0.518141 4.97308 0.3125
-0.518141 4.97308 0.25
-0.518141 4.97308 0.375
-0.518141 4.97308 0.5
-0.518141 4.97308 0.4375
-0.226365 4.99487 0
-0.323759 4.98951 0
-0.323759 4.98951 0.0625
-0.226365 4.99487 0.0625
-0.42103 4.98224 0
-0.42103 4.98224 0.0625
-0.42103 4.98224 0.125
-0.323759 4.98951 0.125
-0.226365 4.99487 0.125
-0.518141 4.97308 0.0625
-0.518141 4.97308 0
-0.518141 4.97308 0.125
-0.518141 4.97308 0.1875
-0.42103 4.98224 0.1875
-0.226365 4.99487 0.1875
-0.323759 4.98951 0.1875
-1 4.89898 1
-0.904243 4.91755 1
-0.904243 4.91755 0.9375
-1 4.89898 0.9375
-0.808142 4.93426 1
-0.808142 4.93426 0.9375
-0.808142 4.93426 0.875
-0.904243 4.91755 0.875
-1 4.89898 0.875
-0.615054 4.96203 1
-0.615054 4.96203 0.9375
-0.711734 4.94908 0.9375
-0.711734 4.94908 1
-0.615054 4.96203 0.875
-0.711734 4.94908 0.875
-0.615054 4.96203 0.75
-0.711734 4.94908 0.75
-0.711734 4.94908 0.8125
-0.615054 4.96203 0.8125
-0.808142 4.93426 0.75
-0.808142 4.93426 0.8125
-1 4.89898 0.75
-1 4.89898 0.8125
-0.904243 4.91755 0.8125
-0.904243 4.91755 0.75
-0.226365 4.99487 1
-0.226365 4.99487 0.9375
-0.323759 4.98951 0.9375
-0.323759 4.98951 1
-0.226365 4.99487 0.875
-0.323759 4.98951 0.875
-0.42103 4.98224 0.875
-0.42103 4.98224 0.9375
-0.42103 4.98224 1
-0.226365 4.99487 0.75
-0.323759 4.98951 0.75
-0.323759 4.98951 0.8125
-0.226365 4.99487 0.8125
-0.42103 4.98224 0.75
-0.42103 4.98224 0.8125
-0.518141 4.97308 0.8125
-0.518141 4.97308 0.75
-0.518141 4.97308 0.875
-0.518141 4.97308 1
-0.518141 4.97308 0.9375
-0.323759 4.98951 0.5625
-0.226365 4.99487 0.5625
-0.42103 4.98224 0.5625
-0.42103 4.98224 0.625
-0.323759 4.98951 0.625
-0.226365 4.99487 0.625
-0.615054 4.96203 0.5625
-0.518141 4.97308 0.5625
-0.615054 4.96203 0.625
-0.518141 4.97308 0.625
-0.518141 4.97308 0.6875
-0.615054 4.96203 0.6875
-0.42103 4.98224 0.6875
-0.226365 4.99487 0.6875
-0.323759 4.98951 0.6875
-1 4.89898 0.5625
-0.904243 4.91755 0.5625
-1 4.89898 0.625
-0.904243 4.91755 0.625
-0.808142 4.93426 0.625
-0.808142 4.93426 0.5625
-0.904243 4.91755 0.6875
-1 4.89898 0.6875
-0.808142 4.93426 0.6875
-0.711734 4.94908 0.6875
-0.711734 4.94908 0.625
-0.711734 4.94908 0.5625
0.552772 4.96935 1
0.552772 4.96935 0.9375
0.455728 4.97919 0.9375
0.455728 4.97919 1
0.552772 4.96935 0.875
0.455728 4.97919 0.875
0.35851 4.98713 0.875
0.35851 4.98713 0.9375
0.35851 4.98713 1
0.552772 4.96935 0.75
0.455728 4.97919 0.75
0.455728 4.97919 0.8125
0.552772 4.96935 0.8125
0.35851 4.98713 0.75
0.35851 4.98713 0.8125
0.163702 4.99732 0.75
0.163702 4.99732 0.8125
0.261156 4.99318 0.8125
0.261156 4.99318 0.75
0.163702 4.99732 0.875
0.261156 4.99318 0.875
0.163702 4.99732 1
0.261156 4.99318 1
0.261156 4.99318 0.9375
0.163702 4.99732 0.9375
0.552772 4.96935 0.5
0.455728 4.97919 0.5
0.455728 4.97919 0.5625
0.552772 4.96935 0.5625
0.35851 4.98713 0.5
0.35851 4.98713 0.5625
0.35851 4.98713 0.625
0.455728 4.97919 0.625
0.552772 4.96935 0.625
0.163702 4.99732 0.5
0.163702 4.99732 0.5625
0.261156 4.99318 0.5625
0.261156 4.99318 0.5
0.163702 4.99732 0.625
0.261156 4.99318 0.625
0.261156 4.99318 0.6875
0.163702 4.99732 0.6875
0.35851 4.98713 0.6875
0.552772 4.96935 0.6875
0.455728 4.97919 0.6875
-0.128885 4.99834 0.5625
-0.128885 4.99834 0.5
-0.128885 4.99834 0.625
-0.0313554 4.9999 0.625
-0.0313554 4.9999 0.5625
-0.0313554 4.9999 0.5
-0.128885 4.99834 0.75
-0.128885 4.99834 0.6875
-0.0313554 4.9999 0.75
-0.0313554 4.9999 0.6875
0.0661858 4.99956 0.6875
0.0661858 4.99956 0.75
0.0661858 4.99956 0.625
0.0661858 4.99956 0.5
0.0661858 4.99956 0.5625
-0.128885 4.99834 1
-0.128885 4.99834 0.9375
-0.0313554 4.9999 1
-0.0313554 4.9999 0.9375
-0.0313554 4.9999 0.875
-0.128885 4.99834 0.875
0.0661858 4.99956 0.9375
0.0661858 4.99956 1
0.0661858 4.99956 0.875
0.0661858 4.99956 0.8125
-0.0313554 4.9999 0.8125
-0.128885 4.99834 0.8125
0.552772 4.96935 0
0.455728 4.97919 0
0.455728 4.97919 0.0625
0.552772 4.96935 0.0625
0.35851 4.98713 0
0.35851 4.98713 0.0625
0.35851 4.98713 0.125
0.455728 4.97919 0.125
0.552772 4.96935 0.125
0.163702 4.99732 0
0.163702 4.99732 0.0625
0.261156 4.99318 0.0625
0.261156 4.99318 0
0.163702 4.99732 0.125
0.261156 4.99318 0.125
0.163702 4.99732 0.25
0.261156 4.99318 0.25
0.261156 4.99318 0.1875
0.163702 4.99732 0.1875
0.35851 4.98713 0.25
0.35851 4.98713 0.1875
0.552772 4.96935 0.25
0.552772 4.96935 0.1875
0.455728 4.97919 0.1875
0.455728 4.97919 0.25
-0.128885 4.99834 0.0625
-0.128885 4.99834 0
-0.128885 4.99834 0.125
-0.0313554 4.9999 0.125
-0.0313554 4.9999 0.0625
-0.0313554 4.9999 0
-0.128885 4.99834 0.25
-0.128885 4.99834 0.1875
-0.0313554 4.9999 0.25
-0.0313554 4.9999 0.1875
0.0661858 4.99956 0.1875
0.0661858 4.99956 0.25
0.0661858 4.99956 0.125
0.0661858 4.99956 0
0.0661858 4.99956 0.0625
-0.128885 4.99834 0.4375
-0.0313554 4.9999 0.4375
-0.0313554 4.9999 0.375
-0.128885 4.99834 0.375
0.163702 4.99732 0.4375
0.0661858 4.99956 0.4375
0.163702 4.99732 0.375
0.0661858 4.99956 0.375
0.0661858 4.99956 0.3125
0.163702 4.99732 0.3125
-0.0313554 4.9999 0.3125
-0.128885 4.99834 0.3125
0.552772 4.96935 0.4375
0.455728 4.97919 0.4375
0.552772 4.96935 0.375
0.455728 4.97919 0.375
0.35851 4.98713 0.375
0.35851 4.98713 0.4375
0.455728 4.97919 0.3125
0.552772 4.96935 0.3125
0.35851 4.98713 0.3125
0.261156 4.99318 0.3125
0.261156 4.99318 0.375
0.261156 4.99318 0.4375
0.649607 4.95762 0.0625
0.649607 4.95762 0
0.649607 4.95762 0.125
0.746193 4.94401 0.125
0.746193 4.94401 0.0625
0.746193 4.94401 0
0.649607 4.95762 0.25
0.649607 4.95762 0.1875
0.746193 4.94401 0.25
0.746193 4.94401 0.1875
0.938479 4.91114 0.25
0.938479 4.91114 0.1875
0.842496 4.92851 0.1875
0.842496 4.92851 0.25
0.938479 4.91114 0.125
0.842496 4.92851 0.125
0.938479 4.91114 0
0.842496 4.92851 0
0.842496 4.92851 0.0625
0.938479 4.91114 0.0625
0.649607 4.95762 0.5
0.649607 4.95762 0.4375
0.746193 4.94401 0.5
0.746193 4.94401 0.4375
0.746193 4.94401 0.375
0.649607 4.95762 0.375
0.938479 4.91114 0.5
0.938479 4.91114 0.4375
0.842496 4.92851 0.4375
0.842496 4.92851 0.5
0.938479 4.91114 0.375
0.842496 4.92851 0.375
0.842496 4.92851 0.3125
0.938479 4.91114 0.3125
0.746193 4.94401 0.3125
0.649607 4.95762 0.3125
1.31847 4.82303 0.5
1.31847 4.82303 0.4375
1.22414 4.84783 0.4375
1.22414 4.84783 0.5
1.31847 4.82303 0.375
1.22414 4.84783 0.375
1.12934 4.87079 0.375
1.12934 4.87079 0.4375
1.12934 4.87079 0.5
1.31847 4.82303 0.25
1.22414 4.84783 0.25
1.22414 4.84783 0.3125
1.31847 4.82303 0.3125
1.12934 4.87079 0.25
1.12934 4.87079 0.3125
1.0341 4.89189 0.3125
1.0341 4.89189 0.25
1.0341 4.89189 0.375
1.0341 4.89189 0.5
1.0341 4.89189 0.4375
1.31847 4.82303 0
1.22414 4.84783 0
1.22414 4.84783 0.0625
1.31847 4.82303 0.0625
1.12934 4.87079 0
1.12934 4.87079 0.0625
1.12934 4.87079 0.125
1.22414 4.84783 0.125
1.31847 4.82303 0.125
1.0341 4.89189 0.0625
1.0341 4.89189 0
1.0341 4.89189 0.125
1.0341 4.89189 0.1875
1.12934 4.87079 0.1875
1.31847 4.82303 0.1875
1.22414 4.84783 0.1875
0.649607 4.95762 1
0.649607 4.95762 0.9375
0.746193 4.94401 1
0.746193 4.94401 0.9375
0.746193 4.94401 0.875
0.649607 4.95762 0.875
0.938479 4.91114 1
0.938479 4.91114 0.9375
0.842496 4.92851 0.9375
0.842496 4.92851 1
0.938479 4.91114 0.875
0.842496 4.92851 0.875
0.938479 4.91114 0.75
0.842496 4.92851 0.75
0.842496 4.92851 0.8125
0.938479 4.91114 0.8125
0.746193 4.94401 0.75
0.746193 4.94401 0.8125
0.649607 4.95762 0.8125
0.649607 4.95762 0.75
1.31847 4.82303 1
1.31847 4.82303 0.9375
1.22414 4.84783 0.9375
1.22414 4.84783 1
1.31847 4.82303 0.875
1.22414 4.84783 0.875
1.12934 4.87079 0.875
1.12934 4.87079 0.9375
1.12934 4.87079 1
1.31847 4.82303 0.75
1.22414 4.84783 0.75
1.22414 4.84783 0.8125
1.31847 4.82303 0.8125
1.12934 4.87079 0.75
1.12934 4.87079 0.8125
1.0341 4.89189 0.8125
1.0341 4.89189 0.75
1.0341 4.89189 0.875
1.0341 4.89189 1
1.0341 4.89189 0.9375
1.22414 4.84783 0.5625
1.31847 4.82303 0.5625
1.12934 4.87079 0.5625
1.12934 4.87079 0.625
1.22414 4.84783 0.625
1.31847 4.82303 0.625
0.938479 4.91114 0.5625
1.0341 4.89189 0.5625
0.938479 4.91114 0.625
1.0341 4.89189 0.625
1.0341 4.89189 0.6875
0.938479 4.91114 0.6875
1.12934 4.87079 0.6875
1.31847 4.82303 0.6875
1.22414 4.84783 0.6875
0.649607 4.95762 0.5625
0.649607 4.95762 0.625
0.746193 4.94401 0.625
0.746193 4.94401 0.5625
0.649607 4.95762 0.6875
0.746193 4.94401 0.6875
0.842496 4.92851 0.6875
0.842496 4.92851 0.625
0.842496 4.92851 0.5625
2.05212 4.55947 1
2.05212 4.55947 0.9375
1.96279 4.59864 0.9375
1.96279 4.59864 1
2.05212 4.55947 0.875
1.96279 4.59864 0.875
1.87271 4.63605 0.875
1.87271 4.63605 0.9375
1.87271 4.63605 1
2.05212 4.55947 0.75
1.96279 4.59864 0.75
1.96279 4.59864 0.8125
2.05212 4.55947 0.8125
1.87271 4.63605 0.75
1.87271 4.63605 0.8125
1.69044 4.70557 0.75
1.69044 4.70557 0.8125
1.78191 4.6717 0.8125
1.78191 4.6717 0.75
1.69044 4.70557 0.875
1.78191 4.6717 0.875
1.69044 4.70557 1
1.78191 4.6717 1
1.78191 4.6717 0.9375
1.69044 4.70557 0.9375
2.05212 4.55947 0.5
1.96279 4.59864 0.5
1.96279 4.59864 0.5625
2.05212 4.55947 0.5625
1.87271 4.63605 0.5
1.87271 4.63605 0.5625
1.87271 4.63605 0.625
1.96279 4.59864 0.625
2.05212 4.55947 0.625
1.69044 4.70557 0.5
1.69044 4.70557 0.5625
1.78191 4.6717 0.5625
1.78191 4.6717 0.5
1.69044 4.70557 0.625
1.78191 4.6717 0.625
1.78191 4.6717 0.6875
1.69044 4.70557 0.6875
1.87271 4.63605 0.6875
2.05212 4.55947 0.6875
1.96279 4.59864 0.6875
1.41231 4.79639 0.5625
1.41231 4.79639 0.5
1.41231 4.79639 0.625
1.5056 4.76793 0.625
1.5056 4.76793 0.5625
1.5056 4.76793 0.5
1.41231 4.79639 0.75
1.41231 4.79639 0.6875
1.5056 4.76793 0.75
1.5056 4.76793 0.6875
1.59833 4.73765 0.6875
1.59833 4.73765 0.75
1.59833 4.73765 0.625
1.59833 4.73765 0.5
1.59833 4.73765 0.5625
1.41231 4.79639 1
1.41231 4.79639 0.9375
1.5056 4.76793 1
1.5056 4.76793 0.9375
1.5056 4.76793 0.875
1.41231 4.79639 0.875
1.59833 4.73765 0.9375
1.59833 4.73765 1
1.59833 4.73765 0.875
1.59833 4.73765 0.8125
1.5056 4.76793 0.8125
1.41231 4.79639 0.8125
2.05212 4.55947 0
1.96279 4.59864 0
1.96279 4.59864 0.0625
2.05212 4.55947 0.0625
1.87271 4.63605 0
1.87271 4.63605 0.0625
1.87271 4.63605 0.125
1.96279 4.59864 0.125
2.05212 4.55947 0.125
1.69044 4.70557 0
1.69044 4.70557 0.0625
1.78191 4.6717 0.0625
1.78191 4.6717 0
1.69044 4.70557 0.125
1.78191 4.6717 0.125
1.69044 4.70557 0.25
1.78191 4.6717 0.25
1.78191 4.6717 0.1875
1.69044 4.70557 0.1875
1.87271 4.63605 0.25
1.87271 4.63605 0.1875
2.05212 4.55947 0.25
2.05212 4.55947 0.1875
1.96279 4.59864 0.1875
1.96279 4.59864 0.25
1.41231 4.79639 0.0625
1.41231 4.79639 0
1.41231 4.79639 0.125
1.5056 4.76793 0.125
1.5056 4.76793 0.0625
1.5056 4.76793 0
1.41231 4.79639 0.25
1.41231 4.79639 0.1875
1.5056 4.76793 0.25
1.5056 4.76793 0.1875
1.59833 4.73765 0.1875
1.59833 4.73765 0.25
1.59833 4.73765 0.125
1.59833 4.73765 0
1.59833 4.73765 0.0625
1.41231 4.79639 0.4375
1.5056 4.76793 0.4375
1.5056 4.76793 0.375
1.41231 4.79639 0.375
1.69044 4.70557 0.4375
1.59833 4.73765 0.4375
1.69044 4.70557 0.375
1.59833 4.73765 0.375
1.59833 4.73765 0.3125
1.69044 4.70557 0.3125
1.5056 4.76793 0.3125
1.41231 4.79639 0.3125
2.05212 4.55947 0.4375
1.96279 4.59864 0.4375
2.05212 4.55947 0.375
1.96279 4.59864 0.375
1.87271 4.63605 0.375
1.87271 4.63605 0.4375
1.96279 4.59864 0.3125
2.05212 4.55947 0.3125
1.87271 4.63605 0.3125
1.78191 4.6717 0.3125
1.78191 4.6717 0.375
1.78191 4.6717 0.4375
2.14068 4.51857 0.0625
2.14068 4.51857 0
2.14068 4.51857 0.125
2.22842 4.47595 0.125
2.22842 4.47595 0.0625
2.22842 4.47595 0
2.14068 4.51857 0.25
2.14068 4.51857 0.1875
2.22842 4.47595 0.25
2.22842 4.47595 0.1875
2.40132 4.38562 0.25
2.40132 4.38562 0.1875
2.31531 4.43163 0.1875
2.31531 4.43163 0.25
2.40132 4.38562 0.125
2.31531 4.43163 0.125
2.40132 4.38562 0
2.31531 4.43163 0
2.31531 4.43163 0.0625
2.40132 4.38562 0.0625
2.14068 4.51857 0.5
2.14068 4.51857 0.4375
2.22842 4.47595 0.5
2.22842 4.47595 0.4375
2.22842 4.47595 0.375
2.14068 4.51857 0.375
2.40132 4.38562 0.5
2.40132 4.38562 0.4375
2.31531 4.43163 0.4375
2.31531 4.43163 0.5
2.40132 4.38562 0.375
2.31531 4.43163 0.375
2.31531 4.43163 0.3125
2.40132 4.38562 0.3125
2.22842 4.47595 0.3125
2.14068 4.51857 0.3125
2.73589 4.18508 0.5
2.73589 4.18508 0.4375
2.65373 4.23765 0.4375
2.65373 4.23765 0.5
2.73589 4.18508 0.375
2.65373 4.23765 0.375
2.57056 4.28862 0.375
2.57056 4.28862 0.4375
2.57056 4.28862 0.5
2.73589 4.18508 0.25
2.65373 4.23765 0.25
2.65373 4.23765 0.3125
2.73589 4.18508 0.3125
2.57056 4.28862 0.25
2.57056 4.28862 0.3125
2.48641 4.33794 0.3125
2.48641 4.33794 0.25
2.48641 4.33794 0.375
2.48641 4.33794 0.5
2.48641 4.33794 0.4375
2.73589 4.18508 0
2.65373 4.23765 0
2.65373 4.23765 0.0625
2.73589 4.18508 0.0625
2.57056 4.28862 0
2.57056 4.28862 0.0625
2.57056 4.28862 0.125
2.65373 4.23765 0.125
2.73589 4.18508 0.125
2.48641 4.33794 0.0625
2.48641 4.33794 0
2.48641 4.33794 0.125
2.48641 4.33794 0.1875
2.57056 4.28862 0.1875
2.73589 4.18508 0.1875
2.65373 4.23765 0.1875
2.14068 4.51857 1
2.14068 4.51857 0.9375
2.22842 4.47595 1
2.22842 4.47595 0.9375
2.22842 4.47595 0.875
2.14068 4.51857 0.875
2.40132 4.38562 1
2.40132 4.38562 0.9375
2.31531 4.43163 0.9375
2.31531 4.43163 1
2.40132 4.38562 0.875
2.31531 4.43163 0.875
2.40132 4.38562 0.75
2.31531 4.43163 0.75
2.31531 4.43163 0.8125
2.40132 4.38562 0.8125
2.22842 4.47595 0.75
2.22842 4.47595 0.8125
2.14068 4.51857 0.8125
2.14068 4.51857 0.75
2.73589 4.18508 1
2.73589 4.18508 0.9375
2.65373 4.23765 0.9375
2.65373 4.23765 1
2.73589 4.18508 0.875
2.65373 4.23765 0.875
2.57056 4.28862 0.875
2.57056 4.28862 0.9375
2.57056 4.28862 1
2.73589 4.18508 0.75
2.65373 4.23765 0.75
2.65373 4.23765 0.8125
2.73589 4.18508 0.8125
2.57056 4.28862 0.75
2.57056 4.28862 0.8125
2.48641 4.33794 0.8125
2.48641 4.33794 0.75
2.48641 4.33794 0.875
2.48641 4.33794 1
2.48641 4.33794 0.9375
2.65373 4.23765 0.5625
2.73589 4.18508 0.5625
2.57056 4.28862 0.5625
2.57056 4.28862 0.625
2.65373 4.23765 0.625
2.73589 4.18508 0.625
2.40132 4.38562 0.5625
2.48641 4.33794 0.5625
2.40132 4.38562 0.625
2.48641 4.33794 0.625
2.48641 4.33794 0.6875
2.40132 4.38562 0.6875
2.57056 4.28862 0.6875
2.73589 4.18508 0.6875
2.65373 4.23765 0.6875
2.14068 4.51857 0.5625
2.14068 4.51857 0.625
2.22842 4.47595 0.625
2.22842 4.47595 0.5625
2.14068 4.51857 0.6875
2.22842 4.47595 0.6875
2.31531 4.43163 0.6875
2.31531 4.43163 0.625
2.31531 4.43163 0.5625
3.28016 3.77366 0.9375
3.28016 3.77366 1
3.28016 3.77366 0.875
3.20592 3.83693 0.875
3.20592 3.83693 0.9375
3.20592 3.83693 1
3.28016 3.77366 0.75
3.28016 3.77366 0.8125
3.20592 3.83693 0.75
3.20592 3.83693 0.8125
3.05382 3.95907 0.75
3.05382 3.95907 0.8125
3.13047 3.89874 0.8125
3.13047 3.89874 0.75
3.05382 3.95907 0.875
3.13047 3.89874 0.875
3.05382 3.95907 1
3.13047 3.89874 1
3.13047 3.89874 0.9375
3.05382 3.95907 0.9375
3.28016 3.77366 0.5
3.28016 3.77366 0.5625
3.20592 3.83693 0.5
3.20592 3.83693 0.5625
3.20592 3.83693 0.625
3.28016 3.77366 0.625
3.05382 3.95907 0.5
3.05382 3.95907 0.5625
3.13047 3.89874 0.5625
3.13047 3.89874 0.5
3.05382 3.95907 0.625
3.13047 3.89874 0.625
3.13047 3.89874 0.6875
3.05382 3.95907 0.6875
3.20592 3.83693 0.6875
3.28016 3.77366 0.6875
2.81701 4.13091 0.5625
2.81701 4.13091 0.5
2.81701 4.13091 0.625
2.89706 4.07518 0.625
2.89706 4.07518 0.5625
2.89706 4.07518 0.5
2.81701 4.13091 0.75
2.81701 4.13091 0.6875
2.89706 4.07518 0.75
2.89706 4.07518 0.6875
2.976 4.01789 0.6875
2.976 4.01789 0.75
2.976 4.01789 0.625
2.976 4.01789 0.5
2.976 4.01789 0.5625
2.81701 4.13091 1
2.81701 4.13091 0.9375
2.89706 4.07518 1
2.89706 4.07518 0.9375
2.89706 4.07518 0.875
2.81701 4.13091 0.875
2.976 4.01789 0.9375
2.976 4.01789 1
2.976 4.01789 0.875
2.976 4.01789 0.8125
2.89706 4.07518 0.8125
2.81701 4.13091 0.8125
3.28016 3.77366 0
3.28016 3.77366 0.0625
3.20592 3.83693 0
3.20592 3.83693 0.0625
3.20592 3.83693 0.125
3.28016 3.77366 0.125
3.05382 3.95907 0
3.05382 3.95907 0.0625
3.13047 3.89874 0.0625
3.13047 3.89874 0
3.05382 3.95907 0.125
3.13047 3.89874 0.125
3.05382 3.95907 0.25
3.13047 3.89874 0.25
3.13047 3.89874 0.1875
3.05382 3.95907 0.1875
3.20592 3.83693 0.25
3.20592 3.83693 0.1875
3.28016 3.77366 0.1875
3.28016 3.77366 0.25
2.81701 4.13091 0.0625
2.81701 4.13091 0
2.81701 4.13091 0.125
2.89706 4.07518 0.125
2.89706 4.07518 0.0625
2.89706 4.07518 0
2.81701 4.13091 0.25
2.81701 4.13091 0.1875
2.89706 4.07518 0.25
2.89706 4.07518 0.1875
2.976 4.01789 0.1875
2.976 4.01789 0.25
2.976 4.01789 0.125
2.976 4.01789 0
2.976 4.01789 0.0625
2.81701 4.13091 0.4375
2.89706 4.07518 0.4375
2.89706 4.07518 0.375
2.81701 4.13091 0.375
3.05382 3.95907 0.4375
2.976 4.01789 0.4375
3.05382 3.95907 0.375
2.976 4.01789 0.375
2.976 4.01789 0.3125
3.05382 3.95907 0.3125
2.89706 4.07518 0.3125
2.81701 4.13091 0.3125
3.28016 3.77366 0.4375
3.28016 3.77366 0.375
3.20592 3.83693 0.375
3.20592 3.83693 0.4375
3.28016 3.77366 0.3125
3.20592 3.83693 0.3125
3.13047 3.89874 0.3125
3.13047 3.89874 0.375
3.13047 3.89874 0.4375
3.88891 3.14267 -1
3.82686 3.21794 -1
3.82686 3.21794 -0.9375
3.88891 3.14267 -0.9375
3.76336 3.29198 -1
3.76336 3.29198 -0.9375
3.76336 3.29198 -0.875
3.82686 3.21794 -0.875
3.88891 3.14267 -0.875
3.76336 3.29198 -0.75
3.82686 3.21794 -0.75
3.82686 3.21794 -0.8125
3.76336 3.29198 -0.8125
3.88891 3.14267 -0.8125
3.88891 3.14267 -0.75
3.63208 3.43627 -0.875
3.63208 3.43627 -0.8125
3.69842 3.36477 -0.8125
3.69842 3.36477 -0.875
3.69842 3.36477 -0.75
3.63208 3.43627 -0.75
3.69842 3.36477 -1
3.69842 3.36477 -0.9375
3.63208 3.43627 -0.9375
3.63208 3.43627 -1
3.35315 3.70896 -1
3.35315 3.70896 -0.9375
3.42487 3.64284 -0.9375
3.42487 3.64284 -1
3.35315 3.70896 -0.875
3.42487 3.64284 -0.875
3.49528 3.57534 -0.875
3.49528 3.57534 -0.9375
3.49528 3.57534 -1
3.35315 3.70896 -0.75
3.42487 3.64284 -0.75
3.42487 3.64284 -0.8125
3.35315 3.70896 -0.8125
3.49528 3.57534 -0.75
3.49528 3.57534 -0.8125
3.56436 3.50647 -0.8125
3.56436 3.50647 -0.75
3.56436 3.50647 -0.875
3.56436 3.50647 -1
3.56436 3.50647 -0.9375
3.35315 3.70896 -0.5
3.42487 3.64284 -0.5
3.42487 3.64284 -0.5625
3.35315 3.70896 -0.5625
3.49528 3.57534 -0.5
3.49528 3.57534 -0.5625
3.49528 3.57534 -0.625
3.42487 3.64284 -0.625
3.35315 3.70896 -0.625
3.63208 3.43627 -0.5
3.63208 3.43627 -0.5625
3.56436 3.50647 -0.5625
3.56436 3.50647 -0.5
3.63208 3.43627 -0.625
3.56436 3.50647 -0.625
3.56436 3.50647 -0.6875
3.63208 3.43627 -0.6875
3.49528 3.57534 -0.6875
3.35315 3.70896 -0.6875
3.42487 3.64284 -0.6875
3.88891 3.14267 -0.5
3.88891 3.14267 -0.5625
3.82686 3.21794 -0.5625
3.82686 3.21794 -0.5
3.88891 3.14267 -0.625
3.82686 3.21794 -0.625
3.76336 3.29198 -0.625
3.76336 3.29198 -0.5625
3.76336 3.29198 -0.5
3.82686 3.21794 -0.6875
3.88891 3.14267 -0.6875
3.76336 3.29198 -0.6875
3.69842 3.36477 -0.6875
3.69842 3.36477 -0.625
3.69842 3.36477 -0.5
3.69842 3.36477 -0.5625
4.12206 2.82995 -0.625
4.12206 2.82995 -0.5625
4.17648 2.749 -0.5625
4.17648 2.749 -0.625
4.22931 2.667 -0.625
4.22931 2.667 -0.5625
4.22931 2.667 -0.5
4.17648 2.749 -0.5
4.12206 2.82995 -0.5
4.22931 2.667 -0.75
4.17648 2.749 -0.75
4.17648 2.749 -0.6875
4.22931 2.667 -0.6875
4.12206 2.82995 -0.6875
4.12206 2.82995 -0.75
4.33013 2.5 -0.625
4.33013 2.5 -0.6875
4.28053 2.58399 -0.6875
4.28053 2.58399 -0.625
4.28053 2.58399 -0.75
4.33013 2.5 -0.75
4.28053 2.58399 -0.5
4.28053 2.58399 -0.5625
4.33013 2.5 -0.5625
4.33013 2.5 -0.5
4.00853 2.98859 -0.75
3.94947 3.06621 -0.75
3.94947 3.06621 -0.6875
4.00853 2.98859 -0.6875
4.00853 2.98859 -0.625
3.94947 3.06621 -0.625
4.06607 2.90982 -0.6875
4.06607 2.90982 -0.625
4.06607 2.90982 -0.75
4.00853 2.98859 -0.5
4.06607 2.90982 -0.5
4.06607 2.90982 -0.5625
4.00853 2.98859 -0.5625
3.94947 3.06621 -0.5625
3.94947 3.06621 -0.5
4.12206 2.82995 -0.875
4.12206 2.82995 -0.9375
4.06607 2.90982 -0.9375
4.06607 2.90982 -0.875
4.00853 2.98859 -0.875
4.00853 2.98859 -0.9375
4.00853 2.98859 -1
4.06607 2.90982 -1
4.12206 2.82995 -1
4.06607 2.90982 -0.8125
4.00853 2.98859 -0.8125
4.12206 2.82995 -0.8125
3.94947 3.06621 -0.8125
3.94947 3.06621 -0.875
3.94947 3.06621 -1
3.94947 3.06621 -0.9375
4.28053 2.58399 -0.8125
4.22931 2.667 -0.8125
4.22931 2.667 -0.875
4.28053 2.58399 -0.875
4.33013 2.5 -0.875
4.33013 2.5 -0.8125
4.17648 2.749 -0.8125
4.17648 2.749 -0.875
4.22931 2.667 -1
4.17648 2.749 -1
4.17648 2.749 -0.9375
4.22931 2.667 -0.9375
4.33013 2.5 -0.9375
4.28053 2.58399 -0.9375
4.28053 2.58399 -1
4.33013 2.5 -1
4.00853 2.98859 -0.25
3.94947 3.06621 -0.25
3.94947 3.06621 -0.1875
4.00853 2.98859 -0.1875
4.00853 2.98859 -0.125
3.94947 3.06621 -0.125
3.88891 3.14267 -0.125
3.88891 3.14267 -0.1875
3.88891 3.14267 -0.25
4.12206 2.82995 -0.125
4.12206 2.82995 -0.1875
4.06607 2.90982 -0.1875
4.06607 2.90982 -0.125
4.06607 2.90982 -0.25
4.12206 2.82995 -0.25
4.06607 2.90982 -0.0625
4.00853 2.98859 -0.0625
4.12206 2.82995 -0.0625
3.88891 3.14267 -0.0625
3.94947 3.06621 -0.0625
4.12206 2.82995 -0.375
4.12206 2.82995 -0.4375
4.06607 2.90982 -0.4375
4.06607 2.90982 -0.375
4.00853 2.98859 -0.375
4.00853 2.98859 -0.4375
4.06607 2.90982 -0.3125
4.00853 2.98859 -0.3125
4.12206 2.82995 -0.3125
3.88891 3.14267 -0.375
3.88891 3.14267 -0.3125
3.94947 3.06621 -0.3125
3.94947 3.06621 -0.375
3.94947 3.06621 -0.4375
3.88891 3.14267 -0.4375
4.22931 2.667 -0.25
4.28053 2.58399 -0.25
4.28053 2.58399 -0.3125
4.22931 2.667 -0.3125
4.22931 2.667 -0.375
4.28053 2.58399 -0.375
4.33013 2.5 -0.375
4.33013 2.5 -0.3125
4.33013 2.5 -0.25
4.17648 2.749 -0.3125
4.17648 2.749 -0.375
4.17648 2.749 -0.25
4.17648 2.749 -0.4375
4.22931 2.667 -0.4375
4.33013 2.5 -0.4375
4.28053 2.58399 -0.4375
4.17648 2.749 -0.0625
4.17648 2.749 -0.125
4.22931 2.667 -0.125
4.22931 2.667 -0.0625
4.17648 2.749 -0.1875
4.22931 2.667 -0.1875
4.33013 2.5 -0.125
4.33013 2.5 -0.1875
4.28053 2.58399 -0.1875
4.28053 2.58399 -0.125
4.28053 2.58399 -0.0625
4.33013 2.5 -0.0625
3.63208 3.43627 -0.375
3.63208 3.43627 -0.4375
3.56436 3.50647 -0.4375
3.56436 3.50647 -0.375
3.49528 3.57534 -0.375
3.49528 3.57534 -0.4375
3.49528 3.57534 -0.25
3.56436 3.50647 -0.25
3.56436 3.50647 -0.3125
3.49528 3.57534 -0.3125
3.63208 3.43627 -0.3125
3.63208 3.43627 -0.25
3.35315 3.70896 -0.375
3.35315 3.70896 -0.3125
3.42487 3.64284 -0.3125
3.42487 3.64284 -0.375
3.42487 3.64284 -0.25
3.35315 3.70896 -0.25
3.42487 3.64284 -0.4375
3.35315 3.70896 -0.4375
3.76336 3.29198 -0.25
3.82686 3.21794 -0.25
3.82686 3.21794 -0.3125
3.76336 3.29198 -0.3125
3.76336 3.29198 -0.375
3.82686 3.21794 -0.375
3.69842 3.36477 -0.3125
3.69842 3.36477 -0.375
3.69842 3.36477 -0.25
3.69842 3.36477 -0.4375
3.76336 3.29198 -0.4375
3.82686 3.21794 -0.4375
3.63208 3.43627 -0.125
3.63208 3.43627 -0.0625
3.69842 3.36477 -0.0625
3.69842 3.36477 -0.125
3.76336 3.29198 -0.125
3.76336 3.29198 -0.0625
3.69842 3.36477 -0.1875
3.76336 3.29198 -0.1875
3.63208 3.43627 -0.1875
3.82686 3.21794 -0.1875
3.82686 3.21794 -0.125
3.82686 3.21794 -0.0625
3.42487 3.64284 -0.1875
3.49528 3.57534 -0.1875
3.49528 3.57534 -0.125
3.42487 3.64284 -0.125
3.35315 3.70896 -0.125
3.35315 3.70896 -0.1875
3.56436 3.50647 -0.1875
3.56436 3.50647 -0.125
3.56436 3.50647 -0.0625
3.49528 3.57534 -0.0625
3.35315 3.70896 -0.0625
3.42487 3.64284 -0.0625
-1 4.89898 -1
-1 4.89898 -0.9375
-0.904243 4.91755 -0.9375
-0.904243 4.91755 -1
-1 4.89898 -0.875
-0.904243 4.91755 -0.875
-0.808142 4.93426 -0.875
-0.808142 4.93426 -0.9375
-0.808142 4.93426 -1
-1 4.89898 -0.75
-0.904243 4.91755 -0.75
-0.904243 4.91755 -0.8125
-1 4.89898 -0.8125
-0.808142 4.93426 -0.75
-0.808142 4.93426 -0.8125
-0.615054 4.96203 -0.75
-0.615054 4.96203 -0.8125
-0.711734 4.94908 -0.8125
-0.711734 4.94908 -0.75
-0.615054 4.96203 -0.875
-0.711734 4.94908 -0.875
-0.615054 4.96203 -1
-0.711734 4.94908 -1
-0.711734 4.94908 -0.9375
-0.615054 4.96203 -0.9375
-1 4.89898 -0.5
-0.904243 4.91755 -0.5
-0.904243 4.91755 -0.5625
-1 4.89898 -0.5625
-0.808142 4.93426 -0.5
-0.808142 4.93426 -0.5625
-0.808142 4.93426 -0.625
-0.904243 4.91755 -0.625
-1 4.89898 -0.625
-0.615054 4.96203 -0.5
-0.615054 4.96203 -0.5625
-0.711734 4.94908 -0.5625
-0.711734 4.94908 -0.5
-0.615054 4.96203 -0.625
-0.711734 4.94908 -0.625
-0.711734 4.94908 -0.6875
-0.615054 4.96203 -0.6875
-0.808142 4.93426 -0.6875
-1 4.89898 -0.6875
-0.904243 4.91755 -0.6875
-0.226365 4.99487 -0.5
-0.226365 4.99487 -0.5625
-0.323759 4.98951 -0.5625
-0.323759 4.98951 -0.5
-0.226365 4.99487 -0.625
-0.323759 4.98951 -0.625
-0.42103 4.98224 -0.625
-0.42103 4.98224 -0.5625
-0.42103 4.98224 -0.5
-0.226365 4.99487 -0.75
-0.323759 4.98951 -0.75
-0.323759 4.98951 -0.6875
-0.226365 4.99487 -0.6875
-0.42103 4.98224 -0.75
-0.42103 4.98224 -0.6875
-0.518141 4.97308 -0.6875
-0.518141 4.97308 -0.75
-0.518141 4.97308 -0.625
-0.518141 4.97308 -0.5
-0.518141 4.97308 -0.5625
-0.226365 4.99487 -1
-0.323759 4.98951 -1
-0.323759 4.98951 -0.9375
-0.226365 4.99487 -0.9375
-0.42103 4.98224 -1
-0.42103 4.98224 -0.9375
-0.42103 4.98224 -0.875
-0.323759 4.98951 -0.875
-0.226365 4.99487 -0.875
-0.518141 4.97308 -0.9375
-0.518141 4.97308 -1
-0.518141 4.97308 -0.875
-0.518141 4.97308 -0.8125
-0.42103 4.98224 -0.8125
-0.226365 4.99487 -0.8125
-0.323759 4.98951 -0.8125
-0.904243 4.91755 -0.0625
-1 4.89898 -0.0625
-0.808142 4.93426 -0.0625
-0.808142 4.93426 -0.125
-0.904243 4.91755 -0.125
-1 4.89898 -0.125
-0.615054 4.96203 -0.0625
-0.711734 4.94908 -0.0625
-0.615054 4.96203 -0.125
-0.711734 4.94908 -0.125
-0.615054 4.96203 -0.25
-0.711734 4.94908 -0.25
-0.711734 4.94908 -0.1875
-0.615054 4.96203 -0.1875
-0.808142 4.93426 -0.25
-0.808142 4.93426 -0.1875
-1 4.89898 -0.25
-1 4.89898 -0.1875
-0.904243 4.91755 -0.1875
-0.904243 4.91755 -0.25
-0.226365 4.99487 -0.0625
-0.323759 4.98951 -0.0625
-0.226365 4.99487 -0.125
-0.323759 4.98951 -0.125
-0.42103 4.98224 -0.125
-0.42103 4.98224 -0.0625
-0.226365 4.99487 -0.25
-0.323759 4.98951 -0.25
-0.323759 4.98951 -0.1875
-0.226365 4.99487 -0.1875
-0.42103 4.98224 -0.25
-0.42103 4.98224 -0.1875
-0.518141 4.97308 -0.1875
-0.518141 4.97308 -0.25
-0.518141 4.97308 -0.125
-0.518141 4.97308 -0.0625
-0.323759 4.98951 -0.4375
-0.226365 4.99487 -0.4375
-0.42103 4.98224 -0.4375
-0.42103 4.98224 -0.375
-0.323759 4.98951 -0.375
-0.226365 4.99487 -0.375
-0.615054 4.96203 -0.4375
-0.518141 4.97308 -0.4375
-0.615054 4.96203 -0.375
-0.518141 4.97308 -0.375
-0.518141 4.97308 -0.3125
-0.615054 4.96203 -0.3125
-0.42103 4.98224 -0.3125
-0.226365 4.99487 -0.3125
-0.323759 4.98951 -0.3125
-1 4.89898 -0.4375
-0.904243 4.91755 -0.4375
-1 4.89898 -0.375
-0.904243 4.91755 -0.375
-0.808142 4.93426 -0.375
-0.808142 4.93426 -0.4375
-0.904243 4.91755 -0.3125
-1 4.89898 -0.3125
-0.808142 4.93426 -0.3125
-0.711734 4.94908 -0.3125
-0.711734 4.94908 -0.375
-0.711734 4.94908 -0.4375
0.552772 4.96935 -0.0625
0.455728 4.97919 -0.0625
0.552772 4.96935 -0.125
0.455728 4.97919 -0.125
0.35851 4.98713 -0.125
0.35851 4.98713 -0.0625
0.552772 4.96935 -0.25
0.455728 4.97919 -0.25
0.455728 4.97919 -0.1875
0.552772 4.96935 -0.1875
0.35851 4.98713 -0.25
0.35851 4.98713 -0.1875
0.163702 4.99732 -0.25
0.163702 4.99732 -0.1875
0.261156 4.99318 -0.1875
0.261156 4.99318 -0.25
0.163702 4.99732 -0.125
0.261156 4.99318 -0.125
0.261156 4.99318 -0.0625
0.163702 4.99732 -0.0625
0.552772 4.96935 -0.5
0.455728 4.97919 -0.5
0.455728 4.97919 -0.4375
0.552772 4.96935 -0.4375
0.35851 4.98713 -0.5
0.35851 4.98713 -0.4375
0.35851 4.98713 -0.375
0.455728 4.97919 -0.375
0.552772 4.96935 -0.375
0.163702 4.99732 -0.5
0.163702 4.99732 -0.4375
0.261156 4.99318 -0.4375
0.261156 4.99318 -0.5
0.163702 4.99732 -0.375
0.261156 4.99318 -0.375
0.261156 4.99318 -0.3125
0.163702 4.99732 -0.3125
0.35851 4.98713 -0.3125
0.552772 4.96935 -0.3125
0.455728 4.97919 -0.3125
-0.128885 4.99834 -0.4375
-0.128885 4.99834 -0.5
-0.128885 4.99834 -0.375
-0.0313554 4.9999 -0.375
-0.0313554 4.9999 -0.4375
-0.0313554 4.9999 -0.5
-0.128885 4.99834 -0.25
-0.128885 4.99834 -0.3125
-0.0313554 4.9999 -0.25
-0.0313554 4.9999 -0.3125
0.0661858 4.99956 -0.3125
0.0661858 4.99956 -0.25
0.0661858 4.99956 -0.375
0.0661858 4.99956 -0.5
0.0661858 4.99956 -0.4375
-0.128885 4.99834 -0.0625
-0.0313554 4.9999 -0.0625
-0.0313554 4.9999 -0.125
-0.128885 4.99834 -0.125
0.0661858 4.99956 -0.0625
0.0661858 4.99956 -0.125
0.0661858 4.99956 -0.1875
-0.0313554 4.9999 -0.1875
-0.128885 4.99834 -0.1875
0.552772 4.96935 -1
0.455728 4.97919 -1
0.455728 4.97919 -0.9375
0.552772 4.96935 -0.9375
0.35851 4.98713 -1
0.35851 4.98713 -0.9375
0.35851 4.98713 -0.875
0.455728 4.97919 -0.875
0.552772 4.96935 -0.875
0.163702 4.99732 -1
0.163702 4.99732 -0.9375
0.261156 4.99318 -0.9375
0.261156 4.99318 -1
0.163702 4.99732 -0.875
0.261156 4.99318 -0.875
0.163702 4.99732 -0.75
0.261156 4.99318 -0.75
0.261156 4.99318 -0.8125
0.163702 4.99732 -0.8125
0.35851 4.98713 -0.75
0.35851 4.98713 -0.8125
0.552772 4.96935 -0.75
0.552772 4.96935 -0.8125
0.455728 4.97919 -0.8125
0.455728 4.97919 -0.75
-0.128885 4.99834 -0.9375
-0.128885 4.99834 -1
-0.128885 4.99834 -0.875
-0.0313554 4.9999 -0.875
-0.0313554 4.9999 -0.9375
-0.0313554 4.9999 -1
-0.128885 4.99834 -0.75
-0.128885 4.99834 -0.8125
-0.0313554 4.9999 -0.75
-0.0313554 4.9999 -0.8125
0.0661858 4.99956 -0.8125
0.0661858 4.99956 -0.75
0.0661858 4.99956 -0.875
0.0661858 4.99956 -1
0.0661858 4.99956 -0.9375
-0.128885 4.99834 -0.5625
-0.0313554 4.9999 -0.5625
-0.0313554 4.9999 -0.625
-0.128885 4.99834 -0.625
0.163702 4.99732 -0.5625
0.0661858 4.99956 -0.5625
0.163702 4.99732 -0.625
0.0661858 4.99956 -0.625
0.0661858 4.99956 -0.6875
0.163702 4.99732 -0.6875
-0.0313554 4.9999 -0.6875
-0.128885 4.99834 -0.6875
0.552772 4.96935 -0.5625
0.455728 4.97919 -0.5625
0.552772 4.96935 -0.625
0.455728 4.97919 -0.625
0.35851 4.98713 -0.625
0.35851 4.98713 -0.5625
0.455728 4.97919 -0.6875
0.552772 4.96935 -0.6875
0.35851 4.98713 -0.6875
0.261156 4.99318 -0.6875
0.261156 4.99318 -0.625
0.261156 4.99318 -0.5625
0.649607 4.95762 -0.9375
0.649607 4.95762 -1
0.649607 4.95762 -0.875
0.746193 4.94401 -0.875
0.746193 4.94401 -0.9375
0.746193 4.94401 -1
0.649607 4.95762 -0.75
0.649607 4.95762 -0.8125
0.746193 4.94401 -0.75
0.746193 4.94401 -0.8125
0.938479 4.91114 -0.75
0.938479 4.91114 -0.8125
0.842496 4.92851 -0.8125
0.842496 4.92851 -0.75
0.938479 4.91114 -0.875
0.842496 4.92851 -0.875
0.938479 4.91114 -1
0.842496 4.92851 -1
0.842496 4.92851 -0.9375
0.938479 4.91114 -0.9375
0.649607 4.95762 -0.5
0.649607 4.95762 -0.5625
0.746193 4.94401 -0.5
0.746193 4.94401 -0.5625
0.746193 4.94401 -0.625
0.649607 4.95762 -0.625
0.938479 4.91114 -0.5
0.938479 4.91114 -0.5625
0.842496 4.92851 -0.5625
0.842496 4.92851 -0.5
0.938479 4.91114 -0.625
0.842496 4.92851 -0.625
0.842496 4.92851 -0.6875
0.938479 4.91114 -0.6875
0.746193 4.94401 -0.6875
0.649607 4.95762 -0.6875
1.31847 4.82303 -0.5
1.31847 4.82303 -0.5625
1.22414 4.84783 -0.5625
1.22414 4.84783 -0.5
1.31847 4.82303 -0.625
1.22414 4.84783 -0.625
1.12934 4.87079 -0.625
1.12934 4.87079 -0.5625
1.12934 4.87079 -0.5
1.31847 4.82303 -0.75
1.22414 4.84783 -0.75
1.22414 4.84783 -0.6875
1.31847 4.82303 -0.6875
1.12934 4.87079 -0.75
1.12934 4.87079 -0.6875
1.0341 4.89189 -0.6875
1.0341 4.89189 -0.75
1.0341 4.89189 -0.625
1.0341 4.89189 -0.5
1.0341 4.89189 -0.5625
1.31847 4.82303 -1
1.22414 4.84783 -1
1.22414 4.84783 -0.9375
1.31847 4.82303 -0.9375
1.12934 4.87079 -1
1.12934 4.87079 -0.9375
1.12934 4.87079 -0.875
1.22414 4.84783 -0.875
1.31847 4.82303 -0.875
1.0341 4.89189 -0.9375
1.0341 4.89189 -1
1.0341 4.89189 -0.875
1.0341 4.89189 -0.8125
1.12934 4.87079 -0.8125
1.31847 4.82303 -0.8125
1.22414 4.84783 -0.8125
0.649607 4.95762 -0.0625
0.746193 4.94401 -0.0625
0.746193 4.94401 -0.125
0.649607 4.95762 -0.125
0.938479 4.91114 -0.0625
0.842496 4.92851 -0.0625
0.938479 4.91114 -0.125
0.842496 4.92851 -0.125
0.938479 4.91114 -0.25
0.842496 4.92851 -0.25
0.842496 4.92851 -0.1875
0.938479 4.91114 -0.1875
0.746193 4.94401 -0.25
0.746193 4.94401 -0.1875
0.649607 4.95762 -0.1875
0.649607 4.95762 -0.25
1.31847 4.82303 -0.0625
1.22414 4.84783 -0.0625
1.31847 4.82303 -0.125
1.22414 4.84783 -0.125
1.12934 4.87079 -0.125
1.12934 4.87079 -0.0625
1.31847 4.82303 -0.25
1.22414 4.84783 -0.25
1.22414 4.84783 -0.1875
1.31847 4.82303 -0.1875
1.12934 4.87079 -0.25
1.12934 4.87079 -0.1875
1.0341 4.89189 -0.1875
1.0341 4.89189 -0.25
1.0341 4.89189 -0.125
1.0341 4.89189 -0.0625
1.22414 4.84783 -0.4375
1.31847 4.82303 -0.4375
1.12934 4.87079 -0.4375
1.12934 4.87079 -0.375
1.22414 4.84783 -0.375
1.31847 4.82303 -0.375
0.938479 4.91114 -0.4375
1.0341 4.89189 -0.4375
0.938479 4.91114 -0.375
1.0341 4.89189 -0.375
1.0341 4.89189 -0.3125
0.938479 4.91114 -0.3125
1.12934 4.87079 -0.3125
1.31847 4.82303 -0.3125
1.22414 4.84783 -0.3125
0.649607 4.95762 -0.4375
0.649607 4.95762 -0.375
0.746193 4.94401 -0.375
0.746193 4.94401 -0.4375
0.649607 4.95762 -0.3125
0.746193 4.94401 -0.3125
0.842496 4.92851 -0.3125
0.842496 4.92851 -0.375
0.842496 4.92851 -0.4375
2.05212 4.55947 -0.0625
1.96279 4.59864 -0.0625
2.05212 4.55947 -0.125
1.96279 4.59864 -0.125
1.87271 4.63605 -0.125
1.87271 4.63605 -0.0625
2.05212 4.55947 -0.25
1.96279 4.59864 -0.25
1.96279 4.59864 -0.1875
2.05212 4.55947 -0.1875
1.87271 4.63605 -0.25
1.87271 4.63605 -0.1875
1.69044 4.70557 -0.25
1.69044 4.70557 -0.1875
1.78191 4.6717 -0.1875
1.78191 4.6717 -0.25
1.69044 4.70557 -0.125
1.78191 4.6717 -0.125
1.78191 4.6717 -0.0625
1.69044 4.70557 -0.0625
2.05212 4.55947 -0.5
1.96279 4.59864 -0.5
1.96279 4.59864 -0.4375
2.05212 4.55947 -0.4375
1.87271 4.63605 -0.5
1.87271 4.63605 -0.4375
1.87271 4.63605 -0.375
1.96279 4.59864 -0.375
2.05212 4.55947 -0.375
1.69044 4.70557 -0.5
1.69044 4.70557 -0.4375
1.78191 4.6717 -0.4375
1.78191 4.6717 -0.5
1.69044 4.70557 -0.375
1.78191 4.6717 -0.375
1.78191 4.6717 -0.3125
1.69044 4.70557 -0.3125
1.87271 4.63605 -0.3125
2.05212 4.55947 -0.3125
1.96279 4.59864 -0.3125
1.41231 4.79639 -0.4375
1.41231 4.79639 -0.5
1.41231 4.79639 -0.375
1.5056 4.76793 -0.375
1.5056 4.76793 -0.4375
1.5056 4.76793 -0.5
1.41231 4.79639 -0.25
1.41231 4.79639 -0.3125
1.5056 4.76793 -0.25
1.5056 4.76793 -0.3125
1.59833 4.73765 -0.3125
1.59833 4.73765 -0.25
1.59833 4.73765 -0.375
1.59833 4.73765 -0.5
1.59833 4.73765 -0.4375
1.41231 4.79639 -0.0625
1.5056 4.76793 -0.0625
1.5056 4.76793 -0.125
1.41231 4.79639 -0.125
1.59833 4.73765 -0.0625
1.59833 4.73765 -0.125
1.59833 4.73765 -0.1875
1.5056 4.76793 -0.1875
1.41231 4.79639 -0.1875
2.05212 4.55947 -1
1.96279 4.59864 -1
1.96279 4.59864 -0.9375
2.05212 4.55947 -0.9375
1.87271 4.63605 -1
1.87271 4.63605 -0.9375
1.87271 4.63605 -0.875
1.96279 4.59864 -0.875
2.05212 4.55947 -0.875
1.69044 4.70557 -1
1.69044 4.70557 -0.9375
1.78191 4.6717 -0.9375
1.78191 4.6717 -1
1.69044 4.70557 -0.875
1.78191 4.6717 -0.875
1.69044 4.70557 -0.75
1.78191 4.6717 -0.75
1.78191 4.6717 -0.8125
1.69044 4.70557 -0.8125
1.87271 4.63605 -0.75
1.87271 4.63605 -0.8125
2.05212 4.55947 -0.75
2.05212 4.55947 -0.8125
1.96279 4.59864 -0.8125
1.96279 4.59864 -0.75
1.41231 4.79639 -0.9375
1.41231 4.79639 -1
1.41231 4.79639 -0.875
1.5056 4.76793 -0.875
1.5056 4.76793 -0.9375
1.5056 4.76793 -1
1.41231 4.79639 -0.75
1.41231 4.79639 -0.8125
1.5056 4.76793 -0.75
1.5056 4.76793 -0.8125
1.59833 4.73765 -0.8125
1.59833 4.73765 -0.75
1.59833 4.73765 -0.875
1.59833 4.73765 -1
1.59833 4.73765 -0.9375
1.41231 4.79639 -0.5625
1.5056 4.76793 -0.5625
1.5056 4.76793 -0.625
1.41231 4.79639 -0.625
1.69044 4.70557 -0.5625
1.59833 4.73765 -0.5625
1.69044 4.70557 -0.625
1.59833 4.73765 -0.625
1.59833 4.73765 -0.6875
1.69044 4.70557 -0.6875
1.5056 4.76793 -0.6875
1.41231 4.79639 -0.6875
2.05212 4.55947 -0.5625
1.96279 4.59864 -0.5625
2.05212 4.55947 -0.625
1.96279 4.59864 -0.625
1.87271 4.63605 -0.625
1.87271 4.63605 -0.5625
1.96279 4.59864 -0.6875
2.05212 4.55947 -0.6875
1.87271 4.63605 -0.6875
1.78191 4.6717 -0.6875
1.78191 4.6717 -0.625
1.78191 4.6717 -0.5625
2.14068 4.51857 -0.9375
2.14068 4.51857 -1
2.14068 4.51857 -0.875
2.22842 4.47595 -0.875
2.22842 4.47595 -0.9375
2.22842 4.47595 -1
2.14068 4.51857 -0.75
2.14068 4.51857 -0.8125
2.22842 4.47595 -0.75
2.22842 4.47595 -0.8125
2.40132 4.38562 -0.75
2.40132 4.38562 -0.8125
2.31531 4.43163 -0.8125
2.31531 4.43163 -0.75
2.40132 4.38562 -0.875
2.31531 4.43163 -0.875
2.40132 4.38562 -1
2.31531 4.43163 -1
2.31531 4.43163 -0.9375
2.40132 4.38562 -0.9375
2.14068 4.51857 -0.5
2.14068 4.51857 -0.5625
2.22842 4.47595 -0.5
2.22842 4.47595 -0.5625
2.22842 4.47595 -0.625
2.14068 4.51857 -0.625
2.40132 4.38562 -0.5
2.40132 4.38562 -0.5625
2.31531 4.43163 -0.5625
2.31531 4.43163 -0.5
2.40132 4.38562 -0.625
2.31531 4.43163 -0.625
2.31531 4.43163 -0.6875
2.40132 4.38562 -0.6875
2.22842 4.47595 -0.6875
2.14068 4.51857 -0.6875
2.73589 4.18508 -0.5
2.73589 4.18508 -0.5625
2.65373 4.23765 -0.5625
2.65373 4.23765 -0.5
2.73589 4.18508 -0.625
2.65373 4.23765 -0.625
2.57056 4.28862 -0.625
2.57056 4.28862 -0.5625
2.57056 4.28862 -0.5
2.73589 4.18508 -0.75
2.65373 4.23765 -0.75
2.65373 4.23765 -0.6875
2.73589 4.18508 -0.6875
2.57056 4.28862 -0.75
2.57056 4.28862 -0.6875
2.48641 4.33794 -0.6875
2.48641 4.33794 -0.75
2.48641 4.33794 -0.625
2.48641 4.33794 -0.5
2.48641 4.33794 -0.5625
2.73589 4.18508 -1
2.65373 4.23765 -1
2.65373 4.23765 -0.9375
2.73589 4.18508 -0.9375
2.57056 4.28862 -1
2.57056 4.28862 -0.9375
2.57056 4.28862 -0.875
2.65373 4.23765 -0.875
2.73589 4.18508 -0.875
2.48641 4.33794 -0.9375
2.48641 4.33794 -1
2.48641 4.33794 -0.875
2.48641 4.33794 -0.8125
2.57056 4.28862 -0.8125
2.73589 4.18508 -0.8125
2.65373 4.23765 -0.8125
2.14068 4.51857 -0.0625
2.22842 4.47595 -0.0625
2.22842 4.47595 -0.125
2.14068 4.51857 -0.125
2.40132 4.38562 -0.0625
2.31531 4.43163 -0.0625
2.40132 4.38562 -0.125
2.31531 4.43163 -0.125
2.40132 4.38562 -0.25
2.31531 4.43163 -0.25
2.31531 4.43163 -0.1875
2.40132 4.38562 -0.1875
2.22842 4.47595 -0.25
2.22842 4.47595 -0.1875
2.14068 4.51857 -0.1875
2.14068 4.51857 -0.25
2.73589 4.18508 -0.0625
2.65373 4.23765 -0.0625
2.73589 4.18508 -0.125
2.65373 4.23765 -0.125
2.57056 4.28862 -0.125
2.57056 4.28862 -0.0625
2.73589 4.18508 -0.25
2.65373 4.23765 -0.25
2.65373 4.23765 -0.1875
2.73589 4.18508 -0.1875
2.57056 4.28862 -0.25
2.57056 4.28862 -0.1875
2.48641 4.33794 -0.1875
2.48641 4.33794 -0.25
2.48641 4.33794 -0.125
2.48641 4.33794 -0.0625
2.65373 4.23765 -0.4375
2.73589 4.18508 -0.4375
2.57056 4.28862 -0.4375
2.57056 4.28862 -0.375
2.65373 4.23765 -0.375
2.73589 4.18508 -0.375
2.40132 4.38562 -0.4375
2.48641 4.33794 -0.4375
2.40132 4.38562 -0.375
2.48641 4.33794 -0.375
2.48641 4.33794 -0.3125
2.40132 4.38562 -0.3125
2.57056 4.28862 -0.3125
2.73589 4.18508 -0.3125
2.65373 4.23765 -0.3125
2.14068 4.51857 -0.4375
2.14068 4.51857 -0.375
2.22842 4.47595 -0.375
2.22842 4.47595 -0.4375
2.14068 4.51857 -0.3125
2.22842 4.47595 -0.3125
2.31531 4.43163 -0.3125
2.31531 4.43163 -0.375
2.31531 4.43163 -0.4375
3.28016 3.77366 -0.0625
3.28016 3.77366 -0.125
3.20592 3.83693 -0.125
3.20592 3.83693 -0.0625
3.28016 3.77366 -0.25
3.28016 3.77366 -0.1875
3.20592 3.83693 -0.25
3.20592 3.83693 -0.1875
3.05382 3.95907 -0.25
3.05382 3.95907 -0.1875
3.13047 3.89874 -0.1875
3.13047 3.89874 -0.25
3.05382 3.95907 -0.125
3.13047 3.89874 -0.125
3.13047 3.89874 -0.0625
3.05382 3.95907 -0.0625
3.28016 3.77366 -0.5
3.28016 3.77366 -0.4375
3.20592 3.83693 -0.5
3.20592 3.83693 -0.4375
3.20592 3.83693 -0.375
3.28016 3.77366 -0.375
3.05382 3.95907 -0.5
3.05382 3.95907 -0.4375
3.13047 3.89874 -0.4375
3.13047 3.89874 -0.5
3.05382 3.95907 -0.375
3.13047 3.89874 -0.375
3.13047 3.89874 -0.3125
3.05382 3.95907 -0.3125
3.20592 3.83693 -0.3125
3.28016 3.77366 -0.3125
2.81701 4.13091 -0.4375
2.81701 4.13091 -0.5
2.81701 4.13091 -0.375
2.89706 4.07518 -0.375
2.89706 4.07518 -0.4375
2.89706 4.07518 -0.5
2.81701 4.13091 -0.25
2.81701 4.13091 -0.3125
2.89706 4.07518 -0.25
2.89706 4.07518 -0.3125
2.976 4.01789 -0.3125
2.976 4.01789 -0.25
2.976 4.01789 -0.375
2.976 4.01789 -0.5
2.976 4.01789 -0.4375
2.81701 4.13091 -0.0625
2.89706 4.07518 -0.0625
2.89706 4.07518 -0.125
2.81701 4.13091 -0.125
2.976 4.01789 -0.0625
2.976 4.01789 -0.125
2.976 4.01789 -0.1875
2.89706 4.07518 -0.1875
2.81701 4.13091 -0.1875
3.28016 3.77366 -1
3.28016 3.77366 -0.9375
3.20592 3.83693 -1
3.20592 3.83693 -0.9375
3.20592 3.83693 -0.875
3.28016 3.77366 -0.875
3.05382 3.95907 -1
3.05382 3.95907 -0.9375
3.13047 3.89874 -0.9375
3.13047 3.89874 -1
3.05382 3.95907 -0.875
3.13047 3.89874 -0.875
3.05382 3.95907 -0.75
3.13047 3.89874 -0.75
3.13047 3.89874 -0.8125
3.05382 3.95907 -0.8125
3.20592 3.83693 -0.75
3.20592 3.83693 -0.8125
3.28016 3.77366 -0.8125
3.28016 3.77366 -0.75
2.81701 4.13091 -0.9375
2.81701 4.13091 -1
2.81701 4.13091 -0.875
2.89706 4.07518 -0.875
2.89706 4.07518 -0.9375
2.89706 4.07518 -1
2.81701 4.13091 -0.75
2.81701 4.13091 -0.8125
2.89706 4.07518 -0.75
2.89706 4.07518 -0.8125
2.976 4.01789 -0.8125
2.976 4.01789 -0.75
2.976 4.01789 -0.875
2.976 4.01789 -1
2.976 4.01789 -0.9375
2.81701 4.13091 -0.5625
2.89706 4.07518 -0.5625
2.89706 4.07518 -0.625
2.81701 4.13091 -0.625
3.05382 3.95907 -0.5625
2.976 4.01789 -0.5625
3.05382 3.95907 -0.625
2.976 4.01789 -0.625
2.976 4.01789 -0.6875
3.05382 3.95907 -0.6875
2.89706 4.07518 -0.6875
2.81701 4.13091 -0.6875
3.28016 3.77366 -0.5625
3.28016 3.77366 -0.625
3.20592 3.83693 -0.625
3.20592 3.83693 -0.5625
3.28016 3.77366 -0.6875
3.20592 3.83693 -0.6875
3.13047 3.89874 -0.6875
3.13047 3.89874 -0.625
3.13047 3.89874 -0.5625
