 4.3208903305394849e-16
 2.9000000469461440e-01
 2.0999999923435955e-01
 1.9783297019112436e-03
 1.7283539168916802e-15
 2.9000000469461462e-01
 2.0999999923435966e-01
 1.9783297019110154e-03
-1.1190364334499479e-09
 2.9000000470246612e-01
 2.0999999923306487e-01
 1.9600337387715321e-03
-1.1190356338799466e-09
 2.9000000470246595e-01
 2.0999999923306492e-01
 1.9600337387728124e-03
 4.3208903432634953e-16
 2.9000000469461451e-01
 2.0999999923435944e-01
 1.9783297019181842e-03
-1.1190364334451751e-09
 2.9000000470246612e-01
 2.0999999923306489e-01
 1.9600337387763048e-03
 1.7283539167711364e-15
 2.9000000469461462e-01
 2.0999999923435966e-01
 1.9783297019115281e-03
-1.1190356338694596e-09
 2.9000000470246595e-01
 2.0999999923306492e-01
 1.9600337387692701e-03
-2.1131148072477071e-09
 2.9000000472605542e-01
 2.0999999922917542e-01
 1.9050570144956954e-03
-2.1131143132038355e-09
 2.9000000472605558e-01
 2.0999999922917550e-01
 1.9050570144971048e-03
-2.8178618367814844e-09
 2.9000000475632015e-01
 2.0999999922418644e-01
 1.8345067266632444e-03
-2.8178615006877437e-09
 2.9000000475632015e-01
 2.0999999922418641e-01
 1.8345067266647239e-03
-2.1131148072440262e-09
 2.9000000472605547e-01
 2.0999999922917539e-01
 1.9050570145001295e-03
-2.1131143132068952e-09
 2.9000000472605553e-01
 2.0999999922917559e-01
 1.9050570144968286e-03
-2.8178618367786638e-09
 2.9000000475632010e-01
 2.0999999922418638e-01
 1.8345067266675253e-03
-2.8178615007085651e-09
 2.9000000475632010e-01
 2.0999999922418641e-01
 1.8345067266692151e-03
 4.3208903044680565e-16
 2.9000000469461462e-01
 2.0999999923435961e-01
 1.9783297018956501e-03
-1.1190364334455717e-09
 2.9000000470246601e-01
 2.0999999923306498e-01
 1.9600337387579866e-03
-2.1131148072594593e-09
 2.9000000472605564e-01
 2.0999999922917542e-01
 1.9050570144891865e-03
-2.8178618368195765e-09
 2.9000000475632010e-01
 2.0999999922418638e-01
 1.8345067266658480e-03
-3.4413927830019772e-09
 2.9000000479679555e-01
 2.0999999921751586e-01
 1.7401190877631356e-03
-3.4413925538790302e-09
 2.9000000479679583e-01
 2.0999999921751586e-01
 1.7401190877671608e-03
-3.8811204162064241e-09
 2.9000000483660038e-01
 2.0999999921095761e-01
 1.6472653396581742e-03
-3.8811202472097722e-09
 2.9000000483660032e-01
 2.0999999921095769e-01
 1.6472653396623496e-03
-3.4413927829888908e-09
 2.9000000479679555e-01
 2.0999999921751580e-01
 1.7401190877641244e-03
-3.4413925538810427e-09
 2.9000000479679583e-01
 2.0999999921751591e-01
 1.7401190877659018e-03
-3.8811204161950248e-09
 2.9000000483660038e-01
 2.0999999921095769e-01
 1.6472653396594828e-03
-3.8811202472135987e-09
 2.9000000483660032e-01
 2.0999999921095769e-01
 1.6472653396614658e-03
-3.4413927830491050e-09
 2.9000000479679555e-01
 2.0999999921751583e-01
 1.7401190877694248e-03
-3.8811204162475052e-09
 2.9000000483660043e-01
 2.0999999921095761e-01
 1.6472653396633376e-03
-4.2676762525901365e-09
 2.9000000488306865e-01
 2.0999999920330428e-01
 1.5388084182194940e-03
-4.2676761274007953e-09
 2.9000000488306860e-01
 2.0999999920330426e-01
 1.5388084182241370e-03
-4.5381761455997157e-09
 2.9000000492510869e-01
 2.0999999919638176e-01
 1.4406744197690404e-03
-4.5381760466254800e-09
 2.9000000492510869e-01
 2.0999999919638182e-01
 1.4406744197743107e-03
-4.2676762525804420e-09
 2.9000000488306865e-01
 2.0999999920330420e-01
 1.5388084182212085e-03
-4.2676761274060081e-09
 2.9000000488306854e-01
 2.0999999920330434e-01
 1.5388084182235441e-03
-4.5381761455913752e-09
 2.9000000492510875e-01
 2.0999999919638176e-01
 1.4406744197711374e-03
-4.5381760466315532e-09
 2.9000000492510869e-01
 2.0999999919638182e-01
 1.4406744197739030e-03
-4.2676762526264448e-09
 2.9000000488306854e-01
 2.0999999920330420e-01
 1.5388084182237558e-03
-4.5381761456329659e-09
 2.9000000492510875e-01
 2.0999999919638176e-01
 1.4406744197727110e-03
-4.7738018072451939e-09
 2.9000000497147266e-01
 2.0999999918875115e-01
 1.3323087010777633e-03
-4.7738017283906120e-09
 2.9000000497147299e-01
 2.0999999918875126e-01
 1.3323087010839217e-03
-4.9368967620922076e-09
 2.9000000501181644e-01
 2.0999999918211032e-01
 1.2381631646265691e-03
-4.9368966957960100e-09
 2.9000000501181650e-01
 2.0999999918211029e-01
 1.2381631646336592e-03
-4.7738018072381885e-09
 2.9000000497147288e-01
 2.0999999918875120e-01
 1.3323087010802942e-03
-4.7738017283973676e-09
 2.9000000497147299e-01
 2.0999999918875131e-01
 1.3323087010836635e-03
-4.9368967620862569e-09
 2.9000000501181655e-01
 2.0999999918211026e-01
 1.2381631646294850e-03
-4.9368966958032015e-09
 2.9000000501181650e-01
 2.0999999918211029e-01
 1.2381631646334996e-03
-4.7738018072759600e-09
 2.9000000497147305e-01
 2.0999999918875120e-01
 1.3323087010809391e-03
-4.9368967621213508e-09
 2.9000000501181650e-01
 2.0999999918211026e-01
 1.2381631646294074e-03
-5.0771423117937224e-09
 2.9000000505475626e-01
 2.0999999917505435e-01
 1.1373148635565140e-03
-5.0771422554486466e-09
 2.9000000505475598e-01
 2.0999999917505449e-01
 1.1373148635647650e-03
-5.1727099479446344e-09
 2.9000000509168894e-01
 2.0999999916896622e-01
 1.0517591559039299e-03
-5.1727101002484475e-09
 2.9000000509168894e-01
 2.0999999916896619e-01
 1.0517589544627038e-03
-5.0771423117888139e-09
 2.9000000505475626e-01
 2.0999999917505438e-01
 1.1373148635598501e-03
-5.0771422554561904e-09
 2.9000000505475598e-01
 2.0999999917505452e-01
 1.1373148635646885e-03
-5.1727101502603465e-09
 2.9000000509168899e-01
 2.0999999916896633e-01
 1.0517589544637204e-03
-5.1727101002562188e-09
 2.9000000509168894e-01
 2.0999999916896619e-01
 1.0517589544626843e-03
-5.0771423118215297e-09
 2.9000000505475604e-01
 2.0999999917505441e-01
 1.1373148635590588e-03
-5.1727099479715658e-09
 2.9000000509168899e-01
 2.0999999916896633e-01
 1.0517591559062679e-03
-5.2533415293138967e-09
 2.9000000512880231e-01
 2.0999999916291762e-01
 9.6182266376168730e-04
-5.2533416522089301e-09
 2.9000000512880236e-01
 2.0999999916291756e-01
 9.6182245220262602e-04
-5.3069914871153026e-09
 2.9000000516317914e-01
 2.0999999915717468e-01
 8.8669025984740074e-04
-5.3069915854405399e-09
 2.9000000516317925e-01
 2.0999999915717477e-01
 8.8669004012857709e-04
-5.2533416971494203e-09
 2.9000000512880247e-01
 2.0999999916291751e-01
 9.6182245220949856e-04
-5.2533416522168867e-09
 2.9000000512880236e-01
 2.0999999916291759e-01
 9.6182245220265551e-04
-5.3069917671598914e-09
 2.9000000516317931e-01
 2.0999999915717477e-01
 8.8668982042546245e-04
-5.3069915854486156e-09
 2.9000000516317920e-01
 2.0999999915717474e-01
 8.8669004012864084e-04
-5.2533415293401084e-09
 2.9000000512880231e-01
 2.0999999916291748e-01
 9.6182266376384075e-04
-5.3069914871410470e-09
 2.9000000516317920e-01
 2.0999999915717485e-01
 8.8669025984942137e-04
-5.3509052240048225e-09
 2.9000000518773644e-01
 2.0999999915349071e-01
 8.0870250879101378e-04
-5.3509051848688381e-09
 2.9000000518773672e-01
 2.0999999915349077e-01
 8.0870250877861365e-04
-5.3789698645650236e-09
 2.9000000523016489e-01
 2.0999999914591963e-01
 7.4424032243990774e-04
-5.3789698270516648e-09
 2.9000000523016478e-01
 2.0999999914591966e-01
 7.4424032242985372e-04
-5.3509053359295393e-09
 2.9000000518773650e-01
 2.0999999915349057e-01
 8.0870228084362712e-04
-5.3509051848770090e-09
 2.9000000518773672e-01
 2.0999999915349074e-01
 8.0870250877870787e-04
-5.3789699538646797e-09
 2.9000000523016500e-01
 2.0999999914591969e-01
 7.4424008785859829e-04
-5.3789698270598969e-09
 2.9000000523016478e-01
 2.0999999914591969e-01
 7.4424032242996973e-04
-5.3509052240301897e-09
 2.9000000518773639e-01
 2.0999999915349057e-01
 8.0870250879291330e-04
-5.3789698645901533e-09
 2.9000000523016489e-01
 2.0999999914591971e-01
 7.4424032244171836e-04
-5.4007053525138890e-09
 2.9000000520090907e-01
 2.0999999915302112e-01
 6.7792236984350984e-04
-5.4007053162376532e-09
 2.9000000520090918e-01
 2.0999999915302120e-01
 6.7792236983571584e-04
-5.4135061818126420e-09
 2.9000000532201292e-01
 2.0999999912922371e-01
 6.2352295947742443e-04
-5.4135061462523667e-09
 2.9000000532201303e-01
 2.0999999912922385e-01
 6.2352295946994376e-04
-5.4007053524550897e-09
 2.9000000520090907e-01
 2.0999999915302117e-01
 6.7792236983189587e-04
-5.4007053162459308e-09
 2.9000000520090918e-01
 2.0999999915302120e-01
 6.7792236983585147e-04
-5.4135061817540934e-09
 2.9000000532201298e-01
 2.0999999912922379e-01
 6.2352295946601233e-04
-5.4135061462606708e-09
 2.9000000532201298e-01
 2.0999999912922385e-01
 6.2352295947009371e-04
-5.4007053525388359e-09
 2.9000000520090896e-01
 2.0999999915302120e-01
 6.7792236984523708e-04
-5.4135061818374831e-09
 2.9000000532201309e-01
 2.0999999912922379e-01
 6.2352295947909085e-04
-5.4222032608418016e-09
 2.9000000496703049e-01
 2.0999999920241311e-01
 5.6792040809965430e-04
-5.4222032257637627e-09
 2.9000000496703110e-01
 2.0999999920241305e-01
 5.6792040809246582e-04
-5.4261898224911147e-09
 2.9000000563022887e-01
 2.0999999906818398e-01
 5.2256712385308050e-04
-5.4261897876328055e-09
 2.9000000563022837e-01
 2.0999999906818403e-01
 5.2256712384611179e-04
-5.4222032607834242e-09
 2.9000000496703093e-01
 2.0999999920241300e-01
 5.6792040808842750e-04
-5.4222032257720850e-09
 2.9000000496703099e-01
 2.0999999920241308e-01
 5.6792040809262910e-04
-5.4261898224328166e-09
 2.9000000563022849e-01
 2.0999999906818406e-01
 5.2256712384199117e-04
-5.4261897876411360e-09
 2.9000000563022843e-01
 2.0999999906818403e-01
 5.2256712384628472e-04
-5.4222032608665707e-09
 2.9000000496703071e-01
 2.0999999920241302e-01
 5.6792040810126152e-04
-5.4261898225158532e-09
 2.9000000563022876e-01
 2.0999999906818401e-01
 5.2256712385464381e-04
-5.4275215390862092e-09
 2.9000000315486291e-01
 2.0999999957045773e-01
 4.7643581223944697e-04
-5.4275215043010302e-09
 2.9000000315486518e-01
 2.0999999957045729e-01
 4.7643581223268561e-04
 2.8999999955889921e-01
 2.1000000006082392e-01
 4.3778526931758348e-04
 2.8999999955890132e-01
 2.1000000006082367e-01
 4.3778526931098876e-04
-5.4275215390279359e-09
 2.9000000315486518e-01
 2.0999999957045734e-01
 4.7643581222848460e-04
-5.4275215043093632e-09
 2.9000000315486513e-01
 2.0999999957045734e-01
 4.7643581223286792e-04
 2.8999999955890127e-01
 2.1000000006082364e-01
 4.3778526930672096e-04
 2.8999999955890138e-01
 2.1000000006082367e-01
 4.3778526931117817e-04
-5.4275215391109344e-09
 2.9000000315486302e-01
 2.0999999957045767e-01
 4.7643581224096740e-04
 2.8999999955889916e-01
 2.1000000006082395e-01
 4.3778526931907116e-04
 2.9000000040202167e-01
 2.0999999994473256e-01
 3.9913472641751717e-04
 2.9000000040202367e-01
 2.0999999994473237e-01
 3.9913443279203853e-04
 2.8999999994347719e-01
 2.1000000000780558e-01
 3.3458815827037882e-04
 2.8999999994347697e-01
 2.1000000000780564e-01
 3.3458815826420174e-04
 2.9000000040202345e-01
 2.0999999994473223e-01
 3.9913443278770497e-04
 2.9000000040202362e-01
 2.0999999994473237e-01
 3.9913443279223482e-04
 2.8999999994347714e-01
 2.1000000000780564e-01
 3.3458815825975787e-04
 2.8999999994347703e-01
 2.1000000000780564e-01
 3.3458815826440872e-04
 2.9000000040202184e-01
 2.0999999994473259e-01
 3.9913472641897265e-04
 2.8999999994347714e-01
 2.1000000000780553e-01
 3.3458815827178232e-04
 2.9000000005144572e-01
 2.0999999999290320e-01
 2.7004188374690459e-04
 2.9000000005144566e-01
 2.0999999999290314e-01
 2.7004188374097162e-04
 2.8999999999275339e-01
 2.1000000000100114e-01
 1.6224934103269820e-04
 2.8999999999275333e-01
 2.1000000000100125e-01
 1.6224934102714836e-04
 2.9000000005144583e-01
 2.0999999999290311e-01
 2.7004188373641743e-04
 2.9000000005144566e-01
 2.0999999999290320e-01
 2.7004188374118835e-04
 2.8999999999275333e-01
 2.1000000000100119e-01
 1.6224934102240581e-04
 2.8999999999275328e-01
 2.1000000000100127e-01
 1.6224934102737978e-04
 2.9000000005144566e-01
 2.0999999999290314e-01
 2.7004188374825887e-04
 2.8999999999275333e-01
 2.1000000000100127e-01
 1.6224934103397515e-04
 2.9000000000658699e-01
 2.0999999999909028e-01
 5.4456798319498603e-05
 2.9000000000658704e-01
 2.0999999999909044e-01
 5.4456798314306081e-05
 2.8999999999907511e-01
 2.1000000000012775e-01
-1.2555692711973765e-04
 2.8999999999907511e-01
 2.1000000000012764e-01
-1.2555692712437584e-04
 2.9000000000658704e-01
 2.0999999999909030e-01
 5.4456798309365860e-05
 2.9000000000658710e-01
 2.0999999999909047e-01
 5.4456798314549999e-05
 2.8999999999907522e-01
 2.1000000000012767e-01
-1.2555692712968311e-04
 2.8999999999907511e-01
 2.1000000000012770e-01
-1.2555692712411460e-04
 2.9000000000658710e-01
 2.0999999999909041e-01
 5.4456798320706018e-05
 2.8999999999907528e-01
 2.1000000000012758e-01
-1.2555692711863602e-04
 2.9000000000081455e-01
 2.0999999999988833e-01
-3.0557035893967753e-04
 2.9000000000081461e-01
 2.0999999999988847e-01
-3.0557065256284156e-04
 2.8999999999990261e-01
 2.1000000000001276e-01
-6.0619309837906833e-04
 2.8999999999990267e-01
 2.1000000000001273e-01
-6.0619309838232777e-04
 2.9000000000081455e-01
 2.0999999999988841e-01
-3.0557065256857770e-04
 2.9000000000081455e-01
 2.0999999999988841e-01
-3.0557065256256726e-04
 2.8999999999990267e-01
 2.1000000000001273e-01
-6.0619309838899204e-04
 2.8999999999990267e-01
 2.1000000000001276e-01
-6.0619309838203861e-04
 2.9000000000081461e-01
 2.0999999999988850e-01
-3.0557035893866727e-04
 2.8999999999990267e-01
 2.1000000000001270e-01
-6.0619309837818623e-04
 2.8999999999996368e-01
 2.1000000000000965e-01
-9.0681583781842743e-04
 2.8999999999996384e-01
 2.1000000000000979e-01
-9.0681583782072886e-04
 2.9000000000013360e-01
 2.0999999999997745e-01
-1.2067926153603227e-03
 2.9000000000013365e-01
 2.0999999999997745e-01
-1.2067926153614126e-03
 2.8999999999996390e-01
 2.1000000000000968e-01
-9.0681583782869374e-04
 2.8999999999996384e-01
 2.1000000000000982e-01
-9.0681583782043179e-04
 2.9000000000013365e-01
 2.0999999999997743e-01
-1.2067926153712155e-03
 2.9000000000013365e-01
 2.0999999999997745e-01
-1.2067926153611120e-03
 2.8999999999996395e-01
 2.1000000000000973e-01
-9.0681583781764680e-04
 2.9000000000013371e-01
 2.0999999999997740e-01
-1.2067926153596237e-03
 2.8999999999896703e-01
 2.1000000000017052e-01
-1.5067690992833721e-03
 2.8999999999896692e-01
 2.1000000000017083e-01
-1.5067690992827932e-03
 2.9000000000115450e-01
 2.0999999999981012e-01
-1.6867546372946374e-03
 2.9000000000115450e-01
 2.0999999999980995e-01
-1.6867546372927203e-03
 2.8999999999896708e-01
 2.1000000000017069e-01
-1.5067690992951960e-03
 2.8999999999896692e-01
 2.1000000000017080e-01
-1.5067690992824924e-03
 2.9000000000115445e-01
 2.0999999999981003e-01
-1.6867546373071751e-03
 2.9000000000115450e-01
 2.0999999999980995e-01
-1.6867546372924204e-03
 2.8999999999896708e-01
 2.1000000000017077e-01
-1.5067690992827411e-03
 2.9000000000115445e-01
 2.0999999999980995e-01
-1.6867546372940389e-03
 2.8999999999179316e-01
 2.1000000000134919e-01
-1.8667407625439631e-03
 2.8999999999179327e-01
 2.1000000000134941e-01
-1.8667407625403648e-03
 2.9000000000901482e-01
 2.0999999999851743e-01
-1.9747326725893374e-03
 2.9000000000901494e-01
 2.0999999999851737e-01
-1.9747320853464316e-03
 2.8999999999179332e-01
 2.1000000000134936e-01
-1.8667407625573406e-03
 2.8999999999179327e-01
 2.1000000000134941e-01
-1.8667407625400664e-03
 2.9000000000901482e-01
 2.0999999999851743e-01
-1.9747320853651922e-03
 2.9000000000901482e-01
 2.0999999999851737e-01
-1.9747320853461341e-03
 2.8999999999179332e-01
 2.1000000000134947e-01
-1.8667407625433947e-03
 2.9000000000901494e-01
 2.0999999999851734e-01
-1.9747326725887845e-03
 2.8999999993601316e-01
 2.1000000001050836e-01
-2.0827239953956360e-03
 2.8999999993601350e-01
 2.1000000001050850e-01
-2.0827234081513286e-03
 2.9000000007022164e-01
 2.0999999998845698e-01
-2.1475192588718871e-03
 2.9000000007022153e-01
 2.0999999998845686e-01
-2.1475186716266343e-03
 2.8999999993601355e-01
 2.1000000001050839e-01
-2.0827234081721110e-03
 2.8999999993601350e-01
 2.1000000001050845e-01
-2.0827234081510315e-03
 2.9000000007022142e-01
 2.0999999998845695e-01
-2.1475186716487563e-03
 2.9000000007022148e-01
 2.0999999998845689e-01
-2.1475186716263385e-03
 2.8999999993601328e-01
 2.1000000001050850e-01
-2.0827239953950995e-03
 2.9000000007022164e-01
 2.0999999998845692e-01
-2.1475192588713585e-03
 2.8999999950060668e-01
 2.1000000008176942e-01
-2.2123139351049393e-03
 2.8999999950061145e-01
 2.1000000008176858e-01
-2.2123139350967466e-03
 2.9000000054732428e-01
 2.0999999991014801e-01
-2.2511908583015216e-03
 2.9000000054732222e-01
 2.0999999991014831e-01
-2.2511908582926680e-03
 2.8999999950061150e-01
 2.1000000008176864e-01
-2.2123139351203133e-03
 2.8999999950061150e-01
 2.1000000008176858e-01
-2.2123139350964517e-03
 2.9000000054732211e-01
 2.0999999991014834e-01
-2.2511908583171545e-03
 2.9000000054732211e-01
 2.0999999991014831e-01
-2.2511908582923731e-03
 2.8999999950060662e-01
 2.1000000008176953e-01
-2.2123139351044193e-03
 2.9000000054732439e-01
 2.0999999991014798e-01
-2.2511908583010059e-03
 1.9000003374732854e+00
 2.8999999608597810e-01
 2.1000000063555316e-01
-2.2900677814736811e-03
 1.9000003374732854e+00
 2.8999999608599014e-01
 2.1000000063555135e-01
-2.2900677814641328e-03
 1.9000003373911478e+00
 2.8999998963968565e-01
 2.1000000169214997e-01
-2.3168843242628518e-03
 1.9000003373911476e+00
 2.8999998963969575e-01
 2.1000000169214836e-01
-2.3168843242532722e-03
 1.9000003374732857e+00
 2.8999999608599025e-01
 2.1000000063555119e-01
-2.2900677814895803e-03
 1.9000003374732857e+00
 2.8999999608599031e-01
 2.1000000063555133e-01
-2.2900677814638379e-03
 1.9000003373911476e+00
 2.8999998963969559e-01
 2.1000000169214833e-01
-2.3168843242791486e-03
 1.9000003373911480e+00
 2.8999998963969553e-01
 2.1000000169214839e-01
-2.3168843242529812e-03
 1.9000003374732863e+00
 2.8999999608597782e-01
 2.1000000063555316e-01
-2.2900677814731707e-03
 1.9000003373911480e+00
 2.8999998963968571e-01
 2.1000000169215000e-01
-2.3168843242623422e-03
 1.9000003371447782e+00
 2.8999999128874454e-01
 2.1000000141686809e-01
-2.3432911080395924e-03
 1.9000003371447709e+00
 2.8999999128875553e-01
 2.1000000141686648e-01
-2.3432916774827318e-03
 1.9000003366059375e+00
 2.8999999032262858e-01
 2.1000000157816145e-01
-2.3757248126299590e-03
 1.9000003366059379e+00
 2.8999999032262863e-01
 2.1000000157816132e-01
-2.3757248126203149e-03
 1.9000003371447711e+00
 2.8999999128875553e-01
 2.1000000141686626e-01
-2.3432916775090545e-03
 1.9000003371447713e+00
 2.8999999128875564e-01
 2.1000000141686645e-01
-2.3432916774824390e-03
 1.9000003366059377e+00
 2.8999999032262874e-01
 2.1000000157816137e-01
-2.3757248126470521e-03
 1.9000003366059379e+00
 2.8999999032262863e-01
 2.1000000157816132e-01
-2.3757248126200186e-03
 1.9000003371447789e+00
 2.8999999128874465e-01
 2.1000000141686814e-01
-2.3432911080390789e-03
 1.9000003366059384e+00
 2.8999999032262852e-01
 2.1000000157816137e-01
-2.3757248126294386e-03
 1.9000003358106656e+00
 2.8999999057389342e-01
 2.1000000153574069e-01
-2.4075196355628778e-03
 1.9000003358106654e+00
 2.8999999057389375e-01
 2.1000000153574078e-01
-2.4075196355532766e-03
 1.9000003344561258e+00
 2.8999999043070851e-01
 2.1000000155994147e-01
-2.4463649868474487e-03
 1.9000003344561263e+00
 2.8999999043070845e-01
 2.1000000155994142e-01
-2.4463649868369194e-03
 1.9000003358106656e+00
 2.8999999057389364e-01
 2.1000000153574055e-01
-2.4075196355804666e-03
 1.9000003358106656e+00
 2.8999999057389381e-01
 2.1000000153574078e-01
-2.4075196355529864e-03
 1.9000003344561258e+00
 2.8999999043070845e-01
 2.1000000155994147e-01
-2.4463649868653628e-03
 1.9000003344561263e+00
 2.8999999043070845e-01
 2.1000000155994145e-01
-2.4463649868366297e-03
 1.9000003358106659e+00
 2.8999999057389336e-01
 2.1000000153574058e-01
-2.4075196355623548e-03
 1.9000003344561260e+00
 2.8999999043070851e-01
 2.1000000155994136e-01
-2.4463649868469305e-03
 1.9000003327012649e+00
 2.8999999047142666e-01
 2.1000000155303486e-01
-2.4842129657343609e-03
 1.9000003327012649e+00
 2.8999999047142655e-01
 2.1000000155303478e-01
-2.4842129657228562e-03
 1.9000003299450205e+00
 2.8999999045293151e-01
 2.1000000155620721e-01
-2.5301210966535976e-03
 1.9000003299449868e+00
 2.8999999045293157e-01
 2.1000000155620729e-01
-2.5301215988028031e-03
 1.9000003327012647e+00
 2.8999999047142661e-01
 2.1000000155303467e-01
-2.4842129657526102e-03
 1.9000003327012649e+00
 2.8999999047142666e-01
 2.1000000155303480e-01
-2.4842129657225670e-03
 1.9000003299449866e+00
 2.8999999045293146e-01
 2.1000000155620727e-01
-2.5301215988362455e-03
 1.9000003299449868e+00
 2.8999999045293157e-01
 2.1000000155620729e-01
-2.5301215988025147e-03
 1.9000003327012653e+00
 2.8999999047142666e-01
 2.1000000155303461e-01
-2.4842129657338466e-03
 1.9000003299450212e+00
 2.8999999045293146e-01
 2.1000000155620738e-01
-2.5301210966530872e-03
 1.9000003265639225e+00
 2.8999999046220237e-01
 2.1000000155465007e-01
-2.5744724494751394e-03
 1.9000003265638812e+00
 2.8999999046220265e-01
 2.1000000155465004e-01
-2.5744729343024349e-03
 1.9000003214593957e+00
 2.8999999046309360e-01
 2.1000000155453077e-01
-2.6277234923511397e-03
 1.9000003214593453e+00
 2.8999999046309349e-01
 2.1000000155453086e-01
-2.6277239555365373e-03
 1.9000003265638814e+00
 2.8999999046220265e-01
 2.1000000155465007e-01
-2.5744729343396971e-03
 1.9000003265638812e+00
 2.8999999046220254e-01
 2.1000000155465007e-01
-2.5744729343021469e-03
 1.9000003214593455e+00
 2.8999999046309360e-01
 2.1000000155453075e-01
-2.6277239555801348e-03
 1.9000003214593455e+00
 2.8999999046309349e-01
 2.1000000155453083e-01
-2.6277239555362497e-03
 1.9000003265639234e+00
 2.8999999046220265e-01
 2.1000000155465010e-01
-2.5744724494746341e-03
 1.9000003214593961e+00
 2.8999999046309360e-01
 2.1000000155453080e-01
-2.6277234923506409e-03
 1.9000003153796636e+00
 2.8999999046802533e-01
 2.1000000155371901e-01
-2.6785454722380682e-03
 1.9000003153796630e+00
 2.8999999046802544e-01
 2.1000000155371890e-01
-2.6785454722022240e-03
 1.9000003064096427e+00
 2.8999999047231523e-01
 2.1000000155302317e-01
-2.7386585173455585e-03
 1.9000003064096427e+00
 2.8999999047231523e-01
 2.1000000155302323e-01
-2.7386585173066426e-03
 1.9000003153796634e+00
 2.8999999046802549e-01
 2.1000000155371901e-01
-2.6785454722524278e-03
 1.9000003153796630e+00
 2.8999999046802555e-01
 2.1000000155371890e-01
-2.6785454722019378e-03
 1.9000003064096427e+00
 2.8999999047231528e-01
 2.1000000155302317e-01
-2.7386585173606970e-03
 1.9000003064096427e+00
 2.8999999047231528e-01
 2.1000000155302320e-01
-2.7386585173063568e-03
 1.9000003153796641e+00
 2.8999999046802544e-01
 2.1000000155371906e-01
-2.6785454722375742e-03
 1.9000003064096436e+00
 2.8999999047231517e-01
 2.1000000155302317e-01
-2.7386585173450719e-03
 1.9000002959180320e+00
 2.8999999047694436e-01
 2.1000000155226678e-01
-2.7949806342303907e-03
 1.9000002959180315e+00
 2.8999999047694430e-01
 2.1000000155226675e-01
-2.7949806341879303e-03
 1.9000002806653500e+00
 2.8999999048205916e-01
 2.1000000155143286e-01
-2.8600564908453498e-03
 1.9000002806653500e+00
 2.8999999048205910e-01
 2.1000000155143289e-01
-2.8600564907977329e-03
 1.9000002959180320e+00
 2.8999999047694430e-01
 2.1000000155226681e-01
-2.7949806342463393e-03
 1.9000002959180318e+00
 2.8999999047694447e-01
 2.1000000155226675e-01
-2.7949806341876454e-03
 1.9000002806653500e+00
 2.8999999048205910e-01
 2.1000000155143286e-01
-2.8600564908623596e-03
 1.9000002806653504e+00
 2.8999999048205904e-01
 2.1000000155143292e-01
-2.8600564907974493e-03
 1.9000002959180327e+00
 2.8999999047694419e-01
 2.1000000155226681e-01
-2.7949806342299089e-03
 1.9000002806653509e+00
 2.8999999048205916e-01
 2.1000000155143295e-01
-2.8600564908448740e-03
 1.9000002630388488e+00
 2.8999999048679714e-01
 2.1000000155065965e-01
-2.9192175668114034e-03
 1.9000002630388484e+00
 2.8999999048679737e-01
 2.1000000155065957e-01
-2.9192175667577384e-03
 1.9000002376700398e+00
 2.8999999049201713e-01
 2.1000000154980802e-01
-2.9848584599732248e-03
 1.9000002376700393e+00
 2.8999999049201713e-01
 2.1000000154980802e-01
-2.9848584599392685e-03
 1.9000002630388493e+00
 2.8999999048679737e-01
 2.1000000155065979e-01
-2.9192175668295321e-03
 1.9000002630388484e+00
 2.8999999048679742e-01
 2.1000000155065957e-01
-2.9192175667574556e-03
 1.9000002376700400e+00
 2.8999999049201708e-01
 2.1000000154980797e-01
-2.9848584599776714e-03
 1.9000002376700396e+00
 2.8999999049201713e-01
 2.1000000154980802e-01
-2.9848584599389866e-03
 1.9000002630388497e+00
 2.8999999048679725e-01
 2.1000000155065968e-01
-2.9192175668109333e-03
 1.9000002376700407e+00
 2.8999999049201708e-01
 2.1000000154980794e-01
-2.9848584599727617e-03
 1.9000002085975873e+00
 2.8999999049651359e-01
 2.1000000154907433e-01
-3.0412725911159173e-03
 1.9000002085975862e+00
 2.8999999049651370e-01
 2.1000000154907431e-01
-3.0412725911007667e-03
 1.9000001670529334e+00
 2.8999999050109287e-01
 2.1000000154832718e-01
-3.0988243729612851e-03
 1.9000001670529332e+00
 2.8999999050109282e-01
 2.1000000154832718e-01
-3.0988243729895095e-03
 1.9000002085977286e+00
 2.8999999049651376e-01
 2.1000000154907436e-01
-3.0412723550071008e-03
 1.9000002085975864e+00
 2.8999999049651376e-01
 2.1000000154907431e-01
-3.0412725911004852e-03
 1.9000001670529338e+00
 2.8999999050109282e-01
 2.1000000154832715e-01
-3.0988243729260694e-03
 1.9000001670529332e+00
 2.8999999050109282e-01
 2.1000000154832715e-01
-3.0988243729892294e-03
 1.9000002085975880e+00
 2.8999999049651393e-01
 2.1000000154907442e-01
-3.0412725911154593e-03
 1.9000001670529343e+00
 2.8999999050109282e-01
 2.1000000154832710e-01
-3.0988243729608337e-03
 1.9000001197296656e+00
 2.8999999050452568e-01
 2.1000000154776705e-01
-3.1419791738538328e-03
 1.9000001197296648e+00
 2.8999999050452580e-01
 2.1000000154776702e-01
-3.1419791739271444e-03
 1.9000000524541771e+00
 2.8999999050720326e-01
 2.1000000154733012e-01
-3.1756885217087802e-03
 1.9000000524541762e+00
 2.8999999050720326e-01
 2.1000000154733017e-01
-3.1756885217737877e-03
 1.9000001197296659e+00
 2.8999999050452568e-01
 2.1000000154776710e-01
-3.1419791737920129e-03
 1.9000001197296648e+00
 2.8999999050452585e-01
 2.1000000154776707e-01
-3.1419791739268647e-03
 1.9000000524541774e+00
 2.8999999050720326e-01
 2.1000000154733023e-01
-3.1756885216481126e-03
 1.9000000524541762e+00
 2.8999999050720332e-01
 2.1000000154733017e-01
-3.1756885217735088e-03
 1.9000001197296659e+00
 2.8999999050452568e-01
 2.1000000154776713e-01
-3.1419791738533844e-03
 1.9000000524541771e+00
 2.8999999050720321e-01
 2.1000000154733003e-01
-3.1756885217083352e-03
 1.8999999761581416e+00
 2.8999999050809133e-01
 2.1000000154718540e-01
-3.1869238603304067e-03
 1.8999999761581403e+00
 2.8999999050809128e-01
 2.1000000154718512e-01
-3.1869238603927097e-03
 1.8999999761581416e+00
 2.8999999050809139e-01
 2.1000000154718532e-01
-3.1869238602701211e-03
 1.8999999761581403e+00
 2.8999999050809139e-01
 2.1000000154718521e-01
-3.1869238603924313e-03
 1.8999999761581416e+00
 2.8999999050809133e-01
 2.1000000154718532e-01
-3.1869238603299621e-03
 oy !
