 0.0000000000000000e+00
 0.0000000000000000e+00
 0.0000000000000000e+00
 0.0000000000000000e+00
 0.0000000000000000e+00
 0.0000000000000000e+00
 6.7236872854392182e-03
-6.1291333022968448e-03
 9.3259644226635009e+07
-3.7361271996018769e-01
 1.8414725351020925e-01
 0.0000000000000000e+00
 0.0000000000000000e+00
-2.0582294681946345e-03
-1.2911221056239673e-02
 0.0000000000000000e+00
 0.0000000000000000e+00
-2.8094050516930400e-02
-2.5394272170097499e-03
 9.3259646283090398e+07
 1.5068431052412282e-01
 1.7504640074376352e+00
 0.0000000000000000e+00
 0.0000000000000000e+00
 1.2004902217319232e-02
 2.3990053357948577e-03
 0.0000000000000000e+00
 0.0000000000000000e+00
-9.1945643543307615e-03
 6.2781977648014020e-03
 9.3259643548100978e+07
 2.1056183804285006e-01
-4.5820303598067554e-02
 7.5690541623100391e-03
-3.9437478593313700e-03
-5.6030050715867800e-02
 4.2079473009638005e-02
 1.7772481329278549e-02
 4.4932355000764090e-02
-1.2914241006002780e-01
 9.6880945569238763e-02
 9.3259641998042345e+07
-4.1556783512808400e+00
 5.8993235559030843e-01
 0.0000000000000000e+00
 0.0000000000000000e+00
 4.0997953809633329e-02
 3.4643008518807250e-02
 0.0000000000000000e+00
 0.0000000000000000e+00
-7.0193405269479994e-02
 8.7870931491055002e-02
 9.3259646507864684e+07
-5.8969496338850442e+00
-1.6550451800472349e-02
-6.0353590307975505e-02
 8.2744077663080326e-02
-1.4500039892953670e-01
 2.0499689114150063e-01
-1.4926684005014715e-01
 2.2389137041958601e-01
-2.4972127474306241e-01
 3.1780497772017680e-01
 9.3259620395241886e+07
-1.9767584563289901e+01
-2.2687359142186384e+01
 0.0000000000000000e+00
 0.0000000000000000e+00
-1.8022820621389213e-02
 8.2842530705452399e-03
 0.0000000000000000e+00
 0.0000000000000000e+00
-5.9037649114449475e-02
 1.4377177479482715e-02
 9.3259640309289485e+07
-3.2963423184544971e+00
 1.1514318596156743e+00
-8.9468452814913085e-02
 4.1362595764346005e-02
-2.2015232326946682e-01
 1.8213562935082753e-01
-1.4149826406358956e-01
 9.7980187531049603e-02
-3.4828333704535458e-01
 2.1686688401193013e-01
 9.3259620085247263e+07
-1.5250112372522448e+01
-2.5462582073376325e+01
-2.8015708506237613e-01
 2.8774674978499243e-01
-3.7746571438968080e-01
 3.8744003063697252e-01
-4.2554115139736687e-01
 3.2137404565984973e-01
-3.9762842929928582e-01
 3.6608658095554669e-01
 9.3259546195928812e+07
-4.2411165922538821e+01
-4.5641374138976552e+01
 0.0000000000000000e+00
 0.0000000000000000e+00
 3.1420163793868638e-02
 1.6551880977881744e-01
 0.0000000000000000e+00
 0.0000000000000000e+00
-7.3996522059026584e-02
 2.5499348725924514e-01
 9.3259622479897201e+07
-5.6576347131596849e+00
-1.8152045212561667e+01
-7.9666643363078729e-02
 2.9632841663035819e-01
-2.6669410229863505e-01
 4.3011160770959816e-01
-1.7476563367674852e-01
 3.7289143404461983e-01
-2.2258991417235729e-01
 5.0407871821774208e-01
 9.3259563795203418e+07
-5.2384800424263936e+01
-3.0475987365926290e+01
-2.3598262974936327e-01
 4.6261833497400490e-01
-3.0585094769278615e-01
 3.5987472720354380e-01
-2.6176062052903148e-01
 4.4067474981568178e-01
-2.5229772331649192e-01
 3.7499447662721308e-01
 9.3259470849493146e+07
-4.5959687731283559e+01
-3.0696487312987923e+01
 0.0000000000000000e+00
 0.0000000000000000e+00
-9.9801003941750843e-02
 3.9645864505641351e-02
 0.0000000000000000e+00
 0.0000000000000000e+00
-1.7669844281767974e-01
 4.0018474254741428e-02
 9.3259630350992039e+07
-6.4203165737895223e+00
-5.7938722895669041e+00
-3.2193826897482947e-01
 1.2629875926161069e-01
-4.5292331516015777e-01
 2.2717629808156542e-01
-3.8961506124531609e-01
 1.2190343970047537e-01
-5.1721202430448421e-01
 1.9723710429637364e-01
 9.3259575502506778e+07
-2.1966685198043532e+01
-5.0908103616299556e+01
-4.3588366967541803e-01
 3.0561927777147885e-01
-4.0894057778035425e-01
 2.7318415150985609e-01
-5.0648594338423614e-01
 2.1438191513647542e-01
-3.8744162795134779e-01
 2.1995236028019072e-01
 9.3259478161500007e+07
-2.9906220937033485e+01
-4.0672421390168729e+01
-2.8198105309033533e-01
 3.0436956635286055e-01
-2.6056006118168240e-01
 3.1092433031400751e-01
-3.0710372691922361e-01
 2.1844670295359667e-01
-2.5910560749700834e-01
 2.2787497517280519e-01
 9.3259405181058392e+07
-2.3553187618044511e+01
-3.1064780272811895e+01
 9.5486015633484451e-15
-1.5502069269413219e-16
 3.6619499739373679e-05
 3.2347362331249502e-01
 0.0000000000000000e+00
 0.0000000000000000e+00
-5.5713048731455425e-02
 3.9550335459585695e-01
 9.3259579481144354e+07
-1.6670614053873187e+01
-1.8596080053382138e+01
-5.8611203788612919e-02
 5.0184958914688882e-01
-1.5091926102434708e-01
 5.3255218086851330e-01
-1.0558091470150888e-01
 5.0562760246138128e-01
-1.0367755608692661e-01
 5.5397235414050516e-01
 9.3259509798939198e+07
-5.0546460514476195e+01
-1.9869773439601289e+01
-1.3419902672265049e-01
 4.2721869833633375e-01
-1.2904603415825239e-01
 3.9329773206659135e-01
-1.2595662775591160e-01
 4.6465107839606068e-01
-1.2991283549675542e-01
 3.9394179671828072e-01
 9.3259422708818227e+07
-3.4699834908465498e+01
-1.7965654536837619e+01
-1.7422599950654583e-01
 2.8730032826699731e-01
-1.7583559915222435e-01
 2.4094191305537158e-01
-1.2782770013968184e-01
 2.9613254238883169e-01
-1.3510364938821792e-01
 2.4504261291173016e-01
 9.3259360281534359e+07
-2.5130735800760871e+01
-1.5265703093849577e+01
 2.0295555402133894e-15
 1.2341506766895251e-15
-2.3651779048266877e-01
 3.0538167462051690e-02
 0.0000000000000000e+00
 0.0000000000000000e+00
-2.8864532979279778e-01
 2.0425230931404560e-02
 9.3259617310020074e+07
-3.0593275290276205e+00
-1.0402067049904172e+01
-4.9464031984891349e-01
 1.0565624965040157e-01
-5.5975317996879248e-01
 1.3200488501032431e-01
-5.1543668387974650e-01
 4.8896213483298576e-02
-5.6968397118926306e-01
 7.4535883942185965e-02
 9.3259542766226903e+07
-1.0012881999114493e+01
-5.8488344895046772e+01
-4.3978992034800757e-01
 1.6035002190708869e-01
-3.9732719411873874e-01
 1.4093193957862082e-01
-4.7771280680078171e-01
 6.6436440077829659e-02
-3.9018382067219987e-01
 7.7921177066194586e-02
 9.3259441659186199e+07
-1.0576930310358660e+01
-4.3036923098273618e+01
-3.2689091818622518e-01
 1.4770316997246488e-01
-2.6463209815954009e-01
 1.6204894404337183e-01
-3.3722180774439175e-01
 8.2663139267898408e-02
-2.7001139156901033e-01
 8.4861254057019858e-02
 9.3259369466088921e+07
-1.0401593590233499e+01
-2.9396387551379654e+01
-1.9689719944036360e-01
 1.5866077714234267e-01
-1.2976731778933823e-01
 1.5952705473914561e-01
-1.9814054358627520e-01
 9.2583395912468933e-02
-1.3170335936590047e-01
 9.4604845514502281e-02
 9.3259324838622555e+07
-1.0418569222847724e+01
-1.4689134016532270e+01
-1.4355995738761485e-16
 1.6740004902117694e-16
 4.7097391211405860e-02
 4.1963393301219992e-01
 0.0000000000000000e+00
 0.0000000000000000e+00
-2.1400301870875320e-02
 4.3551679356714051e-01
 9.3259551026962250e+07
-1.2461033637042430e+01
-1.0437270188721781e+00
 2.9884142775633955e-02
 5.6825917060913056e-01
-2.7167689312362797e-02
 5.6246890642425906e-01
-1.9661579246346348e-02
 5.4079329911795160e-01
 8.9141872367203591e-03
 5.6340037396395315e-01
 9.3259489526424959e+07
-4.2020446489829361e+01
-1.1024963130398728e+00
-3.4968946400709498e-03
 4.3161413032371254e-01
-9.3485070400674466e-03
 4.0221219348874787e-01
-9.0218839981897735e-03
 4.7242465128160077e-01
-1.1015201888099865e-02
 3.9418962459207624e-01
 9.3259407498315468e+07
-3.8109167664646101e+01
-1.2779629066028003e-01
-2.3237557197112849e-02
 3.1449915003565149e-01
-3.5135605060249479e-02
 2.4612111289040103e-01
-3.8079399490500640e-03
 3.1585931745306894e-01
-3.1361125233841480e-03
 2.4796268172198191e-01
 9.3259345573562309e+07
-2.4573028811460375e+01
 2.9574777984885514e-01
-4.7705340540803644e-02
 1.6564261396873789e-01
-5.6705229940290140e-02
 9.8710523919262536e-02
 3.0654731307689174e-03
 1.7057231244198021e-01
 3.5819469578305375e-03
 1.0074126320716054e-01
 9.3259310379655614e+07
-1.0426738145564014e+01
 2.5317496002425866e-01
-6.9276626995699538e-14
-4.9318067956771823e-14
-2.9903716627625287e-01
-5.4764970580620448e-04
 0.0000000000000000e+00
 0.0000000000000000e+00
-2.7665001412738927e-01
-2.4076647943605745e-02
 9.3259621538426042e+07
 5.6428763254310814e+00
-1.6246483036720381e+01
-5.4802937214232617e-01
 2.2253070936429937e-03
-5.8503927923104859e-01
-6.9590501348218911e-03
-5.3204883163547256e-01
-6.7983323189614989e-02
-5.8521252210293839e-01
-7.0101569501674094e-02
 9.3259539035667121e+07
 7.3117128988610247e+00
-6.0591754305145344e+01
-4.3013216891563055e-01
 2.2246354238574430e-02
-4.0605612788597306e-01
-2.6038768430871480e-03
-4.7004071826007837e-01
-7.1240100277132345e-02
-4.0021748709563365e-01
-6.0990075415340086e-02
 9.3259436940666780e+07
 5.2204617015524146e+00
-3.9156102888235438e+01
-3.4175108003764271e-01
 1.0104555201936148e-02
-2.7193002069174910e-01
 1.8044610135375099e-02
-3.3377280195656417e-01
-6.0546232628179771e-02
-2.7460039175415041e-01
-6.2280191665329505e-02
 9.3259364278926000e+07
 4.5455784961901156e+00
-3.1236647330982471e+01
-2.0526821967899517e-01
 1.1888846845896762e-02
-1.3401360195165080e-01
 1.7365984245412153e-02
-2.1097009492045973e-01
-5.5670126514954059e-02
-1.3823069110663455e-01
-5.0638570552276212e-02
 9.3259318831064373e+07
 4.3368948554142523e+00
-1.4771318470363477e+01
-6.5815241912572348e-02
 2.3864993112172266e-02
 3.6656446003861501e-03
 2.8366373683245377e-02
-7.2155289728881772e-02
-4.7305791558061500e-02
-1.3572606386356054e-03
-4.1718181565464495e-02
 9.3259304274416536e+07
 4.3633924380665263e+00
 2.2154323554098648e-01
 9.4297708304189570e-16
-1.2124316904614833e-14
 9.1883895600793464e-02
 3.9453818638500887e-01
 0.0000000000000000e+00
 0.0000000000000000e+00
-5.0113245206125524e-03
 3.5691083168788590e-01
 9.3259560600250646e+07
-1.0965935126020135e+01
 1.4388780572369598e+01
 1.3639028702728781e-01
 5.8101386687586076e-01
 7.2223136951375513e-02
 5.5875760385120643e-01
 4.9865000319077681e-02
 5.1360979451070699e-01
 1.1128997923603803e-01
 5.4439914810228685e-01
 9.3259506687110767e+07
-4.1017518469399036e+01
 1.7930252382523527e+01
 1.2288466984928548e-01
 4.3803274648620982e-01
 1.3213440015976885e-01
 4.0182421139461888e-01
 9.8998214800323572e-02
 4.9274949449788746e-01
 1.0599109272403007e-01
 3.8640286534948193e-01
 9.3259426981563628e+07
-3.5463771549972684e+01
 1.9459060941835702e+01
 1.0621457792844717e-01
 3.2518767657182779e-01
 1.0841627711964799e-01
 2.4392162653590432e-01
 1.2131191872318611e-01
 3.0834852448910294e-01
 1.2804503395491193e-01
 2.4260202763753425e-01
 9.3259364038265675e+07
-2.5985291021043913e+01
 1.6322317896424085e+01
 9.3487531777338415e-02
 1.7345324991712469e-01
 8.8875611387016898e-02
 1.0125734902615451e-01
 1.4060228014019890e-01
 1.7054787734537732e-01
 1.4493932709903951e-01
 1.0478583821139967e-01
 9.3259325973407626e+07
-1.1432395762242903e+01
 1.4834100777274976e+01
 7.7955495783007964e-02
 3.7108533704467615e-02
 6.8693246089691157e-02
-3.5815672842699764e-02
 1.4505737914415279e-01
 3.5269264782210888e-02
 1.4403833042141301e-01
-2.6089749171117886e-02
 9.3259319011014044e+07
 4.6095394475998130e+00
 1.3972735513123558e+01
-9.1003728154438186e-13
-2.8625580939030394e-13
-2.1523136528736864e-01
-5.9480151389755855e-02
 0.0000000000000000e+00
 0.0000000000000000e+00
-1.4623608959846363e-01
-3.3722615980166626e-02
 9.3259629873770908e+07
 4.1610740934277137e+00
-2.2743395713324532e+00
-5.0292078270958707e-01
-1.1062370955619197e-01
-5.8716645889720775e-01
-1.4988794128918048e-01
-3.6888095977351137e-01
-1.4754450387938531e-01
-5.6736137318457336e-01
-2.1934458528960885e-01
 9.3259566468092069e+07
 1.7598574796822149e+01
-6.7559918884416987e+01
-4.4929284173533546e-01
-1.3505673823844722e-01
-4.0645072116005571e-01
-1.2657434260817763e-01
-5.1447377069864142e-01
-2.2798562827249180e-01
-3.9406684681774445e-01
-1.9378599511813535e-01
 9.3259461059228823e+07
 2.0438120551851998e+01
-4.4311027174403208e+01
-3.4218358447801628e-01
-1.4451828768498506e-01
-2.7739474656059132e-01
-1.3737919271012353e-01
-3.5937903309513058e-01
-2.0638421081824668e-01
-2.8245919553875060e-01
-2.0977142429553783e-01
 9.3259387959672198e+07
 2.1038637403510570e+01
-2.7208549939743317e+01
-2.1857546121259241e-01
-1.3020832069048249e-01
-1.4188783965843327e-01
-1.2637485979160501e-01
-2.1436265265696230e-01
-2.0197480021099859e-01
-1.4904426138972421e-01
-2.0220924219473072e-01
 9.3259342089786142e+07
 1.8437273088510135e+01
-1.5521246036693208e+01
-7.7598480756812846e-02
-1.1905416250050457e-01
-7.7703434966447226e-03
-1.1256484892229887e-01
-8.1176851417650506e-02
-1.9247116482100637e-01
-1.7845661074529541e-02
-1.8741759696815233e-01
 9.3259327063022554e+07
 1.8220360297208195e+01
 6.9745761259005512e-01
 6.0915735923068391e-02
-1.0369118787789015e-01
 1.3034830585577695e-01
-9.2725104868096375e-02
 5.0785758541210882e-02
-1.7293500191492941e-01
 1.2411709538244364e-01
-1.6149231535949213e-01
 9.3259344511151060e+07
 1.9972926482273252e+01
 1.6079396172913551e+01
 8.4627837335530934e-17
-7.3356940923953504e-16
 1.6549130731339015e-01
 2.7000570967578075e-01
 0.0000000000000000e+00
 0.0000000000000000e+00
-5.4150250808742938e-02
 2.1819554842731362e-01
 9.3259581985742852e+07
 7.8143606022155176e-01
 1.6373919332088096e+01
 2.0921846020151380e-01
 5.3407453682727601e-01
 1.6504195969375457e-01
 5.1743515664871242e-01
 7.4531264561144742e-02
 3.8286000281201049e-01
 1.8441088038168438e-01
 4.8079196911795108e-01
 9.3259558229434505e+07
-3.0114110363660259e+01
 3.1677612815628645e+01
 2.5427140234540102e-01
 4.2218170381489556e-01
 2.5988476311854913e-01
 3.8942891820771225e-01
 1.9086652252955510e-01
 4.7229679732535007e-01
 2.1730805297584108e-01
 3.6272656443723783e-01
 9.3259485563651413e+07
-3.8275700741650581e+01
 4.0582875638259033e+01
 2.5419968816024513e-01
 3.1810735168078313e-01
 2.5766940505582747e-01
 2.3200796381907365e-01
 2.4066320153830983e-01
 2.8467804771964483e-01
 2.6496450058825732e-01
 2.2343633390432258e-01
 9.3259415578326166e+07
-3.0284196552770965e+01
 3.2458206490758080e+01
 2.4479566435791958e-01
 1.7315783760466766e-01
 2.4287187085881695e-01
 9.7988709420750247e-02
 2.8973799584690751e-01
 1.5301083120427761e-01
 2.9828045119192925e-01
 9.9853845372129130e-02
 9.3259369694521770e+07
-1.4729607960766398e+01
 2.7711274148271031e+01
 2.4025352877850076e-01
 5.2732271179600020e-02
 2.2145735878479156e-01
-2.5697219760546921e-02
 3.0907005402360616e-01
 3.0905662366831354e-02
 3.0449548572722823e-01
-1.2078544630548915e-02
 9.3259359754491687e+07
 5.2195608861396341e+00
 2.5308387957622429e+01
 2.2950417826725414e-01
-7.3163334156944274e-02
 1.8908090145164030e-01
-1.4790882551776410e-01
 2.9917662486291646e-01
-8.0327214949536763e-02
 2.7992136036510562e-01
-1.2520546404772476e-01
 9.3259390100533664e+07
 2.5923573895624081e+01
 2.8567891986690491e+01
 8.6824410554224416e-17
 1.7771400413122628e-16
-8.1961714213194939e-02
-6.8899693423427307e-03
 0.0000000000000000e+00
 0.0000000000000000e+00
-3.2425176223784151e-02
-1.6416288853467752e-02
 9.3259632416012555e+07
-2.3525786534638260e+00
-3.4153076053187283e+00
-2.4180619225479061e-01
-9.3391217363208365e-02
-4.9531489095234132e-01
-3.0425944067058508e-01
-1.8854205276390393e-01
-8.0151086140777150e-02
-3.3597343041871686e-01
-2.3544608727631472e-01
 9.3259612048978478e+07
 2.1940879456691821e+01
-1.5225642336716151e+01
-5.5823891919932467e-01
-2.6676837062866138e-01
-4.0086394797027847e-01
-2.8316087383087268e-01
-4.7565807734003235e-01
-3.8759307766080120e-01
-4.4285467111676369e-01
-3.7787984590359275e-01
 9.3259519840196267e+07
 3.4453458466708547e+01
-6.0194593456072916e+01
-3.2666738014454205e-01
-2.7262923440726500e-01
-2.8595907761132561e-01
-2.6525355282476620e-01
-3.2093362203741199e-01
-3.5247488909822111e-01
-2.7224051987113762e-01
-3.3487167000685253e-01
 9.3259440709137350e+07
 2.9096819115863767e+01
-3.5208766236720201e+01
-2.0564541755792903e-01
-2.9876576780632391e-01
-1.6200319099203211e-01
-2.7796139418407478e-01
-2.2410692541918226e-01
-3.5355392573007893e-01
-1.5949663575223019e-01
-3.5289179431324486e-01
 9.3259393437010944e+07
 3.3536643641269443e+01
-1.5685110034214620e+01
-7.9070777868297026e-02
-2.7893083791420459e-01
-3.0181370976175393e-02
-2.6383626557087614e-01
-1.0347407151573215e-01
-3.5505988651554249e-01
-3.9182512396397785e-02
-3.4637423997068095e-01
 9.3259376058407709e+07
 3.0308735148073705e+01
 1.2405578384241132e+00
 4.1458742763017302e-02
-2.6186508620520427e-01
 9.4755851528681323e-02
-2.2803127639749390e-01
 1.9793093904462704e-02
-3.2598215687506576e-01
 8.7921075060081733e-02
-3.1169274065853514e-01
 9.3259398696409047e+07
 3.0650573280302464e+01
 2.0565401852844015e+01
 2.0976213400724650e-01
-2.1092879078637011e-01
 2.5356677918000231e-01
-1.9798731312367590e-01
 1.3141167596016035e-01
-2.8353955701196554e-01
 2.0923860053222246e-01
-2.3948639983580092e-01
 9.3259454540436551e+07
 3.9303260203971981e+01
 3.5104229794468893e+01
-2.7374459688504094e-14
 7.5307029977193922e-15
 3.1422796049346952e-01
 1.2264397350692588e-01
 0.0000000000000000e+00
 0.0000000000000000e+00
-2.6750417507034036e-01
 1.3452789141058635e-01
 9.3259592941459879e+07
 3.3434158288744289e+00
 1.0120074596020578e+01
 2.0852273935420412e-01
 4.0765459183608310e-01
 2.0538494505719301e-01
 3.9360597935638325e-01
-2.7650034271846705e-02
 1.8852619628045750e-01
 1.5815692467492051e-01
 3.0847791889397325e-01
 9.3259632759237945e+07
-6.2740792865087016e+00
 3.5819436090736062e+01
 3.7378116585030502e-01
 3.6826577487891909e-01
 3.9022582299220482e-01
 3.5405931401298119e-01
 1.9251882031240194e-01
 3.6494582052229013e-01
 2.9607744328325603e-01
 2.7142914842094185e-01
 9.3259577691084772e+07
-4.1700973676745853e+01
 4.7834901683878698e+01
 4.1130236187609570e-01
 2.7686605274217768e-01
 4.1323520738484509e-01
 2.0334084566134433e-01
 3.4729955648961897e-01
 2.7686226249326334e-01
 4.0861228151811951e-01
 1.5728445657055737e-01
 9.3259494655148536e+07
-3.7504980693951410e+01
 4.3307652306927139e+01
 4.0542935032429100e-01
 1.4804542295868986e-01
 4.2264228974243695e-01
 8.8501944493019083e-02
 4.3643072423037971e-01
 1.7761182619447732e-01
 4.7094863614272475e-01
 5.2816537900962836e-02
 9.3259430475181073e+07
-1.9223329153723281e+01
 2.9931741086173115e+01
 3.9932288934850690e-01
 4.9112076702467783e-02
 4.1420931930943361e-01
-9.7110486396759458e-03
 4.7302089980913686e-01
 1.0226968834127080e-01
 4.8752736236467209e-01
-3.0255135148775109e-02
 9.3259412639954731e+07
 6.1533969517415592e+00
 2.3552336771940084e+01
 3.6836518935051343e-01
-5.2206911567090328e-02
 3.7679305392371737e-01
-9.8764095483977507e-02
 4.5720131049996077e-01
 4.6601691314280137e-02
 4.5700943308930736e-01
-1.0408808107596475e-01
 9.3259444489792168e+07
 3.0584700647781620e+01
 2.0831994760449131e+01
 2.9113852208586122e-01
-1.4905557011406215e-01
 2.9813995682187749e-01
-1.8759944121779623e-01
 3.8722601806713169e-01
 6.4298132778917584e-04
 3.7513053328731483e-01
-1.7323990868211145e-01
 9.3259519739566222e+07
 4.5410052566626412e+01
 2.0874660200372627e+01
 1.0993265668294927e-16
-4.0024488005158890e-17
-6.9377232520510682e-03
-2.3386853262281793e-02
 0.0000000000000000e+00
 0.0000000000000000e+00
 2.9036185669378517e-02
-6.6916706855024901e-03
 9.3259628279969424e+07
-2.6674329786935029e+00
-7.9125643631074982e-01
-2.5382340226287565e-02
-1.0252406293306172e-01
-1.8480670204618743e-01
-1.1745500934344398e-01
-2.1498769722331272e-02
-9.8466655606255279e-03
-8.0832959333837329e-02
-7.0098674029933972e-02
 9.3259624261426449e+07
-9.7784747334814637e-01
-4.0957591873694872e+00
-3.7997132314555726e-01
-3.3610305967165244e-01
-4.4467241915961669e-01
-5.1145301771048579e-01
-2.0905374115074238e-01
-1.7539037777147673e-01
-3.1087607406403245e-01
-3.9489838621543605e-01
 9.3259595428484917e+07
 3.6069164783230434e+01
-1.9354639980595024e+01
-3.9735815444518480e-01
-4.0305699645026416e-01
-2.6168840648396263e-01
-4.4732599783545302e-01
-3.5026970388026857e-01
-5.4550191345034205e-01
-3.1080932131546518e-01
-5.5644553349071346e-01
 9.3259525964147344e+07
 6.1559661878178098e+01
-3.6341201539181910e+01
-2.3085553144447907e-01
-3.7378613960240992e-01
-1.4285086754004983e-01
-4.0927677039472243e-01
-2.0396046380353633e-01
-5.3649169967280919e-01
-1.5807576903549725e-01
-4.9845432334593559e-01
 9.3259468112048954e+07
 4.1879240368173321e+01
-2.4259491786330894e+01
-1.0005372724752867e-01
-4.1801344531049578e-01
-4.0657119446938644e-02
-4.3570697205383857e-01
-9.4428518300787440e-02
-4.9208825208740237e-01
-5.5303456940273908e-02
-4.7520786670316156e-01
 9.3259438408899680e+07
 3.3369760965846169e+01
-2.8631753731900593e+00
-1.8687777293728915e-02
-4.2835726841713301e-01
 4.8353031950259848e-02
-3.6629711644234969e-01
 1.0126987378784664e-02
-4.6560337828629766e-01
 3.1115284459029502e-02
-4.5644671871755049e-01
 9.3259458848837525e+07
 1.8967328414725113e+01
 2.2327707327931144e+01
 1.5001308096551022e-01
-3.4355664536050590e-01
 1.6998188045185555e-01
-3.2429981511913081e-01
 3.7070842345022698e-02
-4.2561162942564590e-01
 9.1295638288935485e-02
-3.5462478315639950e-01
 9.3259526307048768e+07
 3.6904358221128071e+01
 4.5215442091664812e+01
 1.5735576176592350e-01
-2.6131791089254264e-01
 2.4326900306590693e-01
-2.5146083698405510e-02
 1.8095111594908656e-01
-2.6802917183966268e-01
 2.4265051924465714e-01
-2.5907829159008527e-01
 9.3259607899547309e+07
 3.3237268323430747e+01
 2.3301077339651464e+01
-6.3238523192071877e-14
 1.7719162796092696e-13
 8.0374361286080953e-01
 8.7245139248520606e-02
 0.0000000000000000e+00
 0.0000000000000000e+00
-4.2708109290606966e-01
 2.6835767434244562e-01
 9.3259526671746284e+07
 2.5934507963891143e+01
-3.0529078497450993e+01
 1.3504340065642603e-01
 3.1628366084346177e-01
 1.0703412220696780e-01
 8.6786580213273734e-02
-1.1744493165102086e-01
-9.2080558808881732e-02
 1.2715591891139364e-02
 2.5579198035473327e-02
 9.3259672943823159e+07
 1.9125632835037475e+01
-5.6934147614556592e+00
 4.7084428369646442e-01
 3.0517931986021163e-01
 4.9142955401028032e-01
 1.7292105496177765e-01
 4.0757057750781069e-02
 2.2221766378551663e-01
 1.9760353897355784e-01
 7.0225028404375514e-02
 9.3259654899726689e+07
-2.6997080327894388e+01
 3.2610774171575201e+01
 5.6132095430547091e-01
 3.1738490975848271e-01
 5.4302640245616751e-01
 7.2144821140762413e-02
 3.4670001825367391e-01
 8.6147333464251852e-02
 4.7298965490963552e-01
 5.2254425079369754e-02
 9.3259566011089161e+07
-5.4390247518926493e+01
 1.3820810218925548e+01
 6.2635321344528472e-01
 2.1662701019408687e-01
 5.9997965599988146e-01
-2.2902430923568175e-03
 5.3608978149032749e-01
 6.7356199480872153e-02
 5.9790114000636896e-01
 2.3097988008708201e-02
 9.3259483345380813e+07
-3.1499800946067218e+01
 2.1048707741368965e+01
 6.4847163906808136e-01
 1.8132645458198510e-01
 5.7912062838839351e-01
-6.8969950846429526e-02
 6.2775832581995261e-01
 1.8059184124332103e-02
 6.5796081570979137e-01
 6.4045586590110403e-04
 9.3259449930916190e+07
-1.1507324115988964e+00
 6.5308425116761049e+00
 6.4628549795135326e-01
 1.4903696839131095e-01
 5.3198380232298914e-01
-1.3098736648385606e-01
 6.4192576589469807e-01
 8.2603948126430057e-03
 6.4078080685225114e-01
-1.5971497067398012e-02
 9.3259478697134286e+07
 2.6225479635126138e+01
 1.2728197522669420e+01
 6.0919466998655347e-01
 1.7281229888781843e-01
 4.0916847717043159e-01
-2.0498542608288511e-01
 6.0067340416126203e-01
-1.7606352077065821e-02
 5.8698445466374549e-01
-3.1235436591216106e-02
 9.3259553605495587e+07
 4.9098130664488103e+01
 8.6256346360071614e+00
 5.6185883784765844e-01
 2.4330540436830658e-01
 2.2405596286317336e-01
-3.2998901889124937e-01
 5.1155129043594771e-01
-2.3861865571175912e-02
 4.8530455650328519e-01
-6.6316347754289018e-02
 9.3259680017615840e+07
 8.7277241507341671e+01
 3.1186456785038814e+01
-1.7994832781276457e-14
-1.1699508274790617e-13
 1.8862758300733699e-02
 8.2990375651383116e-03
 0.0000000000000000e+00
 0.0000000000000000e+00
 9.2098597308007853e-03
 6.5064116669781890e-03
 9.3259626392187551e+07
-1.1403074392593091e-01
-9.6035704368579111e-02
 1.3603454906485660e-02
-2.7696292854194614e-04
-2.8901581225676945e-02
-1.4228248281759337e-02
 7.8955262826054789e-03
 2.2332882999583858e-02
 7.4929654642865301e-03
 1.6706149991620758e-02
 9.3259624733800679e+07
-6.1594123529981604e-01
-1.0962931640532143e+00
-1.7362663660906087e-02
-1.2973776905416928e-01
-1.2092431915793792e-01
-1.3393908730471132e-01
-4.5464230153302734e-04
 2.4856674680591745e-02
-1.4560215879358700e-02
-2.5939616643375938e-02
 9.3259620053886965e+07
-2.7582612856269217e+00
-2.1121250757059786e+00
-2.2466293731717041e-01
-4.1263467022518135e-01
-2.4395268249696303e-01
-5.8527736891166093e-01
-9.1993556411202826e-02
-8.5850045612185164e-02
-9.3545449270719505e-02
-2.1810796810372859e-01
 9.3259615226880178e+07
 2.2360102577871441e+01
-9.6751990425267795e+00
-2.6823943114466470e-01
-6.8420016911998993e-01
-1.6900535722383667e-01
-7.0480976102264614e-01
-6.4506743128634289e-02
-3.8513696750712539e-01
-9.5821842946994501e-02
-5.4131130971319519e-01
 9.3259554309022486e+07
 1.2764317699434590e+01
-3.3982034360341999e+01
-1.1201200560871007e-01
-6.6362648839961402e-01
-6.0202933729832112e-02
-6.7667306593249565e-01
-9.5772327138573060e-02
-6.5434866564841776e-01
-4.9837313153360756e-02
-7.1070976644435080e-01
 9.3259517793894514e+07
 5.4734586448510484e+01
-1.7620243120051303e+01
-8.7720081565493935e-02
-6.0004828444517044e-01
-8.9231353224340313e-03
-5.1745583372321480e-01
 2.7166100208693790e-02
-7.8037925675919440e-01
-2.1151428342064533e-02
-8.3738645795396360e-01
 9.3259477589921519e+07
-3.3949270832589804e+01
 1.5865397660734862e+01
 7.1759185312047780e-02
-4.6842503392840229e-01
 4.9124335662465823e-02
-4.8368854268822914e-01
-6.7104522505969391e-02
-8.2619847569368077e-01
 5.2210444496099259e-03
-7.7233235921755605e-01
 9.3259594116997033e+07
 7.3949461648177802e+01
 4.4409174188993966e+01
-4.9013275882794388e-02
-4.1293997336005517e-01
 4.7098115783418819e-02
-4.1223078882383898e-02
 1.1422932302577346e-01
-7.8525894133877538e-01
-3.2071711759010038e-02
-9.0341922590631907e-01
 9.3259591117388725e+07
-1.4079072998730121e+02
 6.9573863661640331e+01
 5.3541552202552545e-01
 3.4777200218622506e-01
 3.3594223491588615e-01
-5.5479614692463999e-02
-2.1907910301145314e-01
-8.0673825790613773e-01
 2.2987516160637997e-01
-4.3313721078466322e-01
 9.3260055722829998e+07
 3.5369744565434752e+02
 2.2939613048198234e+02
 0.0000000000000000e+00
 0.0000000000000000e+00
 1.0000000000000000e+00
 8.0316420939351985e-18
 1.0000000000000000e+00
 7.0722973904373685e-18
 1.0000000000000000e+00
 1.2420357460053375e-17
 1.0000000000000000e+00
 2.0483389200824642e-17
 1.0000000000000000e+00
-2.1569227869367584e-14
 9.9999999999986533e-01
-2.6124375696676028e-13
 1.0000000000000706e+00
-2.0514004353406553e-14
 9.9999999999966183e-01
 1.7681790580249665e-13
 1.0000000000000000e+00
-2.4665277223841594e-17
 1.0000000000017628e+00
 5.8532941115700001e-12
 9.9999999999154021e-01
 2.1914156086858863e-13
 1.0000000000001490e+00
-2.3591972523790412e-12
 1.0000000000000000e+00
-4.4338194311822062e-14
 9.9999999999999212e-01
-4.7908772577133495e-13
 1.0000000000000000e+00
 1.9160043824441394e-17
 1.0000000000000000e+00
 1.1060006438092284e-15
 1.0000000000000000e+00
-5.7395411048034947e-16
 9.9999999999999989e-01
 1.1567583260986312e-15
 1.0000000000000000e+00
 1.3567901198675420e-17
 0.0000000000000000e+00
 0.0000000000000000e+00
-2.6568038845040743e-18
 0.0000000000000000e+00
 7.6343252505659735e-19
 0.0000000000000000e+00
 2.1470442151728347e-18
 0.0000000000000000e+00
-2.3846640063219149e-17
 0.0000000000000000e+00
-4.3371790715218337e-12
 0.0000000000000000e+00
 1.4290100304488655e-12
-2.1462174374447607e-11
-7.4933270314401763e-13
 2.6619375983755789e-12
-2.7670731848815566e-12
 2.0292570319822874e-12
 8.8279879084139985e-18
 0.0000000000000000e+00
 3.6495687037435959e-17
-4.7741649581451807e-17
 1.5340255659266057e-11
 0.0000000000000000e+00
-3.1270100871138689e-11
-1.0788585575872360e-11
 5.6185817465515441e-12
-6.6661948796147686e-13
-7.8756964723951406e-13
-1.8780246353624302e-11
-1.7418858153764777e-18
 0.0000000000000000e+00
-4.2402686346826723e-13
 8.3555680412157872e-19
 7.0330528961029751e-17
 0.0000000000000000e+00
-1.3970676980939160e-17
 7.6234982770072363e-18
 5.1281389529730940e-18
 2.6834445566176159e-17
-3.1485145434345879e-16
-3.7790946705686930e-12
 oy !
